8588.000000 0.000000 0.000000 0.000000 0.717558 0.001902 0.013071 -0.696374
8593.000000 -0.004674 -0.004950 0.012672 0.717699 0.001896 0.013069 -0.696229
8598.000000 -0.004674 -0.004950 0.012672 0.717703 0.001895 0.013068 -0.696224
8603.000000 -0.004674 -0.004950 0.012672 0.717721 0.001889 0.013062 -0.696205
8608.000000 -0.004674 -0.004950 0.012672 0.717729 0.001892 0.013071 -0.696197
8613.000000 -0.004674 -0.004950 0.012672 0.717734 0.001879 0.013075 -0.696192
8618.000000 -0.004674 -0.004950 0.012672 0.717737 0.001875 0.013078 -0.696189
8623.000000 -0.004674 -0.004950 0.012672 0.717742 0.001870 0.013083 -0.696183
8628.000000 -0.004674 -0.004950 0.012672 0.717747 0.001871 0.013086 -0.696179
8633.000000 -0.004674 -0.004950 0.012672 0.717757 0.001875 0.013086 -0.696168
8638.000000 -0.004674 -0.004950 0.012672 0.717768 0.001879 0.013094 -0.696157
8643.000000 -0.004674 -0.004950 0.012672 0.717769 0.001889 0.013112 -0.696156
8648.000000 -0.004674 -0.004950 0.012672 0.717773 0.001889 0.013121 -0.696151
8653.000000 -0.004674 -0.004950 0.012672 0.717779 0.001887 0.013120 -0.696145
8658.000000 -0.004674 -0.004950 0.012672 0.717784 0.001885 0.013116 -0.696139
8663.000000 -0.004674 -0.004950 0.012672 0.717792 0.001885 0.013117 -0.696131
8668.000000 -0.004674 -0.004950 0.012672 0.717795 0.001894 0.013123 -0.696129
8673.000000 -0.004674 -0.004950 0.012672 0.717798 0.001890 0.013118 -0.696126
8678.000000 -0.004674 -0.004950 0.012672 0.717803 0.001885 0.013100 -0.696121
8683.000000 -0.004674 -0.004950 0.012672 0.717808 0.001879 0.013083 -0.696116
8688.000000 -0.004674 -0.004950 0.012672 0.717851 0.001846 0.013073 -0.696072
8693.000000 -0.004674 -0.004950 0.012672 0.717852 0.001839 0.013073 -0.696070
8698.000000 -0.004674 -0.004950 0.012672 0.717856 0.001835 0.013071 -0.696067
8703.000000 -0.004674 -0.004950 0.012672 0.717860 0.001841 0.013085 -0.696062
8708.000000 -0.004674 -0.004950 0.012672 0.717890 0.001837 0.012951 -0.696033
8713.000000 -0.004674 -0.004950 0.012672 0.717797 0.001623 0.013049 -0.696128
8718.000000 -0.004674 -0.004950 0.012672 0.717870 0.001834 0.013077 -0.696051
8723.000000 -0.004674 -0.004950 0.012669 0.717876 0.001837 0.013070 -0.696046
8728.000000 -0.004674 -0.004950 0.012669 0.717884 0.001833 0.013069 -0.696038
8733.000000 -0.004674 -0.004950 0.012669 0.717887 0.001835 0.013078 -0.696034
8738.000000 -0.004674 -0.004950 0.012665 0.717892 0.001834 0.013085 -0.696029
8743.000000 -0.004674 -0.004950 0.012665 0.717897 0.001836 0.013090 -0.696024
8748.000000 -0.004674 -0.004950 0.012661 0.717903 0.001844 0.013095 -0.696018
8753.000000 -0.004674 -0.004950 0.012657 0.717910 0.001844 0.013093 -0.696010
8758.000000 -0.004673 -0.004950 0.012653 0.717915 0.001847 0.013104 -0.696005
8763.000000 -0.004673 -0.004950 0.012650 0.717916 0.001849 0.013109 -0.696003
8768.000000 -0.004672 -0.004950 0.012642 0.717920 0.001852 0.013110 -0.696000
8773.000000 -0.004672 -0.004950 0.012630 0.717929 0.001850 0.013109 -0.695991
8778.000000 -0.004670 -0.004950 0.012619 0.717933 0.001848 0.013100 -0.695986
8783.000000 -0.008689 -0.008925 0.019997 0.717936 0.001841 0.013088 -0.695983
8788.000000 -0.012188 -0.012187 0.024857 0.717942 0.001837 0.013086 -0.695977
8793.000000 -0.012187 -0.012187 0.024853 0.717946 0.001834 0.013086 -0.695973
8798.000000 -0.012187 -0.012187 0.024853 0.717952 0.001832 0.013085 -0.695968
8803.000000 -0.004648 -0.004947 0.012497 0.717959 0.001831 0.013093 -0.695960
8808.000000 -0.004635 -0.004944 0.012447 0.717962 0.001827 0.013095 -0.695957
8813.000000 -0.004617 -0.004940 0.012386 0.717957 0.001834 0.013098 -0.695962
8818.000000 -0.004591 -0.004932 0.012310 0.717962 0.001835 0.013093 -0.695957
8823.000000 -0.004553 -0.004918 0.012211 0.717965 0.001834 0.013094 -0.695953
8828.000000 -0.004498 -0.004893 0.012093 0.717970 0.001828 0.013098 -0.695949
8833.000000 -0.004420 -0.004851 0.011940 0.717972 0.001820 0.013106 -0.695946
8838.000000 -0.004310 -0.004777 0.011753 0.717977 0.001819 0.013115 -0.695941
8843.000000 -0.004158 -0.004653 0.011520 0.717986 0.001824 0.013104 -0.695932
8848.000000 -0.003953 -0.004448 0.011242 0.717991 0.001824 0.013088 -0.695927
8853.000000 -0.003686 -0.004128 0.010902 0.717991 0.001802 0.013068 -0.695927
8858.000000 -0.017362 -0.004445 0.014668 0.717995 0.001748 0.013028 -0.695924
8863.000000 0.267579 -0.029524 0.850525 0.966328 0.085514 -0.004106 -0.242653
8868.000000 0.283859 -0.024547 0.830383 0.974028 0.054202 0.054395 -0.213009
8873.000000 0.705423 0.960263 0.863510 0.995408 0.012566 0.001048 -0.094894
8878.000000 0.700038 1.266443 0.840835 0.994964 0.015443 0.023788 -0.096136
8883.000000 4.941636 10.919998 0.951660 0.985286 0.147186 0.031709 -0.080888
8888.000000 11.429455 22.739869 1.067416 0.968709 0.154538 0.015486 -0.193600
8893.000000 8.245833 25.889274 1.085704 0.122043 0.085557 0.128536 0.980441
8898.000000 8.077193 19.910623 1.062906 0.514525 -0.046512 0.134891 0.845521
8903.000000 8.628047 22.565522 1.115200 0.830770 0.109913 -0.002350 -0.545651
8908.000000 9.235895 23.075280 1.098393 0.952813 0.072086 0.045667 -0.291316
8913.000000 9.106563 23.160295 1.407395 0.981297 0.186208 0.046853 0.013706
8918.000000 9.143833 23.076850 1.209668 0.964410 0.091214 0.102132 -0.226191
8923.000000 12.977618 26.783481 1.162154 0.927918 0.105347 -0.012181 -0.357382
8928.000000 16.848407 32.060678 1.556446 0.946883 0.130915 -0.004534 -0.293690
8933.000000 20.700936 37.464709 2.033860 0.936198 0.059908 -0.029784 -0.345047
8938.000000 24.904040 41.855545 2.236084 0.966174 0.080354 -0.019973 -0.244236
8943.000000 29.174766 47.211249 2.501875 0.902797 0.106829 0.014874 -0.416322
8948.000000 34.094297 52.039553 2.893529 0.935250 0.046002 -0.019781 -0.350429
8953.000000 39.293176 56.324631 3.147399 0.898185 0.043038 -0.020994 -0.437001
8958.000000 45.727303 59.967083 3.397712 0.866497 0.011020 -0.055100 -0.496010
8963.000000 52.310702 63.339278 3.647610 0.868927 0.076177 -0.050151 -0.486465
8968.000000 59.009400 66.667680 3.941943 0.866261 0.069143 -0.031880 -0.493756
8973.000000 64.605886 69.999744 4.133389 0.868248 0.086220 -0.017656 -0.488262
8978.000000 71.210866 72.841625 4.415407 0.862634 0.112925 -0.040428 -0.491402
8983.000000 78.297392 75.978937 4.770710 0.846448 0.062592 -0.022690 -0.528293
8988.000000 85.344060 79.593406 5.193473 0.815616 0.104099 -0.034490 -0.568106
8993.000000 92.251050 83.127065 5.622454 0.866610 0.092183 -0.048878 -0.487956
8998.000000 97.736006 88.049020 5.761192 0.870957 0.121024 -0.018212 -0.475873
9003.000000 102.250279 91.280228 4.515810 0.875879 0.112575 -0.030629 -0.468215
9008.000000 108.048051 96.536757 3.652996 0.926220 0.136112 0.045311 -0.348622
9013.000000 112.746029 101.938330 2.420637 0.990541 0.114580 0.074201 -0.013951
9018.000000 109.044374 103.076116 2.316634 0.526887 0.007380 0.130947 0.839755
9023.000000 105.509616 102.023126 1.196868 0.547130 0.028740 0.150675 0.822873
9028.000000 103.210628 99.858414 0.054689 -0.440120 -0.095611 0.140214 0.881756
9033.000000 107.144907 100.610379 -1.138918 0.910869 0.154845 -0.049911 -0.379274
9038.000000 104.833886 101.442305 -1.732372 0.496612 0.044952 0.132522 0.856618
9043.000000 101.440799 99.101155 -2.208309 0.547609 0.051394 0.122205 0.826166
9048.000000 101.110756 92.495296 -1.744009 -0.177800 -0.060146 0.119594 0.974919
9053.000000 103.549630 85.228518 -1.383084 -0.174011 -0.090246 0.091478 0.976324
9058.000000 106.087683 77.568149 -0.943040 -0.208841 -0.040216 0.040330 0.976290
9063.000000 108.940412 69.945241 -0.464629 -0.227085 -0.034106 0.070874 0.970693
9068.000000 111.522804 62.263007 -0.031515 -0.223560 -0.062607 0.103373 0.967169
9073.000000 114.114562 54.796780 0.490927 -0.264643 -0.028883 0.101578 0.958547
9078.000000 116.669554 47.250142 1.094003 -0.203983 -0.037117 0.076127 0.975304
9083.000000 119.277476 39.719732 1.836503 -0.162010 -0.070654 0.054850 0.982727
9088.000000 121.703617 32.145749 2.728640 -0.182465 -0.052887 0.126494 0.973606
9093.000000 123.972690 24.535361 3.472252 -0.176356 -0.054211 0.095398 0.978192
9098.000000 126.468812 16.975784 4.319697 -0.237595 -0.078138 0.166359 0.953817
9103.000000 129.287138 9.696397 4.970394 -0.239502 -0.054333 0.175885 0.953284
9108.000000 131.655525 2.449168 5.603504 -0.233708 -0.068617 0.181912 0.952670
9113.000000 134.185602 -5.272888 6.199569 -0.250002 -0.080236 0.197962 0.944390
9118.000000 137.223954 -12.877191 6.800575 -0.241713 -0.083392 0.191245 0.947653
9123.000000 139.957691 -20.853931 7.405982 -0.248681 -0.085943 0.193092 0.945244
9128.000000 142.883285 -28.615166 7.980583 -0.245351 -0.093545 0.260247 0.929152
9133.000000 145.487476 -35.895405 8.504604 -0.246443 -0.081465 0.236169 0.936404
9138.000000 147.817000 -43.500463 8.997484 -0.250794 -0.076396 0.223118 0.938874
9143.000000 150.432364 -51.342294 9.420849 -0.255301 -0.079746 0.221797 0.937693
9148.000000 152.957829 -58.845048 9.862652 -0.277003 -0.088657 0.220491 0.931017
9153.000000 155.535933 -66.206480 10.160041 -0.219515 0.003286 0.001439 0.975602
9158.000000 157.975558 -73.771669 10.529290 -0.184541 -0.022205 -0.017340 0.982421
9163.000000 160.616791 -81.405325 10.992499 -0.241934 -0.042895 0.072307 0.966643
9168.000000 163.471137 -88.769417 11.359351 -0.207319 -0.039763 0.065348 0.975278
9173.000000 166.583838 -96.316787 11.758380 -0.203029 -0.033172 0.092515 0.974228
9178.000000 169.349367 -104.479153 12.066551 -0.224687 -0.035568 0.088299 0.969770
9183.000000 172.156333 -113.398704 12.296631 -0.195257 -0.005252 0.087368 0.976839
9188.000000 175.001745 -121.355264 12.598458 -0.221661 -0.021055 0.027091 0.974520
9193.000000 177.501503 -129.124654 12.853928 -0.184859 -0.040841 0.063304 0.979873
9198.000000 180.140945 -136.676135 13.064656 -0.184043 -0.029326 0.054341 0.980977
9203.000000 182.934505 -144.105534 13.051244 -0.203018 -0.022491 0.061634 0.976974
9208.000000 185.509319 -151.417433 13.037229 -0.202705 -0.017801 0.055705 0.977492
9213.000000 187.926621 -158.753078 12.992603 -0.178688 -0.048813 0.094187 0.978170
9218.000000 190.428990 -166.236306 12.872559 -0.210220 -0.018659 0.041282 0.976604
9223.000000 192.603678 -173.645903 12.800076 -0.224714 -0.043334 0.096787 0.968637
9228.000000 194.850798 -181.380983 12.703871 -0.192351 -0.030541 0.113714 0.974237
9233.000000 197.236715 -189.264256 12.553059 -0.179415 -0.054829 0.136534 0.972709
9238.000000 199.884518 -197.479259 12.332020 -0.193873 -0.081850 0.138221 0.967786
9243.000000 202.124280 -205.645074 12.133314 -0.195326 -0.057699 0.112878 0.972511
9248.000000 204.902663 -213.814440 11.947855 -0.165431 -0.063207 0.142782 0.973782
9253.000000 207.612064 -222.021060 11.691142 -0.162736 -0.053614 0.054488 0.983704
9258.000000 210.172679 -230.159922 11.423969 -0.122413 -0.065449 0.071148 0.987760
9263.000000 212.418871 -238.367627 11.157555 -0.146905 -0.042755 0.023291 0.987952
9268.000000 214.828159 -246.599928 10.845236 -0.193134 -0.043652 0.030382 0.979730
9273.000000 217.117019 -254.911137 10.624059 -0.246741 -0.008573 0.019965 0.968838
9278.000000 219.660762 -263.366151 10.363911 -0.210113 -0.004937 0.035064 0.977036
9283.000000 222.306852 -271.868783 10.004002 -0.188599 -0.020683 0.045952 0.980760
9288.000000 224.308699 -280.114299 9.761379 -0.109219 -0.059040 0.048211 0.991091
9293.000000 225.237189 -286.673451 9.403570 -0.231555 -0.021428 0.040371 0.971748
9298.000000 228.045623 -294.355019 8.914174 -0.247388 -0.031512 0.090133 0.964200
9303.000000 231.148951 -301.658705 8.446946 -0.162700 -0.032104 0.064117 0.984066
9308.000000 233.091582 -309.043134 7.929190 -0.190654 -0.023753 0.110209 0.975162
9313.000000 235.415292 -317.050811 7.422191 -0.207691 -0.037721 0.127977 0.969053
9318.000000 238.143145 -324.503742 6.776888 -0.143097 -0.035941 0.078619 0.985926
9323.000000 240.442973 -332.051457 6.024829 -0.104136 -0.038351 0.078137 0.990747
9328.000000 241.935819 -340.075175 5.213702 -0.143443 -0.037919 0.093897 0.984464
9333.000000 242.513233 -347.360356 4.472151 -0.340503 -0.028872 0.062506 0.937719
9338.000000 246.110512 -350.766485 3.846426 0.674617 0.068077 -0.080466 -0.730604
9343.000000 251.757928 -352.416082 3.096317 0.695563 0.106693 -0.067718 -0.707265
9348.000000 259.253357 -352.863341 2.255095 0.676716 0.166740 -0.051106 -0.715291
9353.000000 265.367322 -354.725566 1.281195 -0.395645 -0.086795 0.055791 0.912589
9358.000000 266.590874 -360.736671 0.122873 0.017272 -0.061416 0.154234 0.985972
9363.000000 265.783517 -368.055667 -1.003570 0.058550 -0.045454 0.108491 0.991330
9368.000000 264.705726 -375.581446 -2.097460 0.037566 -0.056162 0.121200 0.990326
9373.000000 264.040898 -383.407605 -3.246345 -0.035637 -0.051343 0.154435 0.986024
9378.000000 264.230073 -391.553893 -4.570336 -0.079636 -0.041150 0.130832 0.987344
9383.000000 264.778784 -399.665443 -5.757376 -0.093828 -0.083464 0.130825 0.983420
9388.000000 265.600662 -407.706315 -6.938942 -0.097721 -0.058382 0.193525 0.974469
9393.000000 264.280216 -413.559517 -7.507409 0.322949 -0.034613 0.160802 0.932013
9398.000000 262.742223 -415.229821 -7.779839 0.505217 0.001343 0.124571 0.853953
9403.000000 254.304589 -418.257414 -8.009271 0.601672 0.116709 0.218498 0.759361
9408.000000 238.339478 -419.992254 -8.037465 0.639177 0.070468 0.243379 0.726122
9413.000000 231.079177 -420.298241 -7.876942 0.420561 0.045302 0.157340 0.892368
9418.000000 226.951700 -423.036849 -7.769926 0.154192 -0.006660 0.192840 0.969017
9423.000000 225.981124 -428.391323 -8.010916 -0.024296 -0.055164 0.157463 0.985684
9428.000000 225.710497 -433.812892 -8.572216 -0.015400 -0.111228 0.158471 0.980958
9433.000000 228.088379 -437.992096 -8.962018 -0.460456 -0.125223 0.120142 0.870555
9438.000000 233.666883 -441.443915 -9.593520 -0.401903 -0.136012 0.077422 0.902208
9443.000000 239.307149 -445.629983 -10.264512 -0.470836 -0.158018 0.092943 0.862963
9448.000000 245.058822 -449.794461 -10.948056 -0.411523 -0.158655 0.122965 0.889020
9453.000000 251.066581 -453.945779 -11.723472 -0.497833 -0.133904 0.101834 0.850800
9458.000000 258.565235 -457.050945 -12.331578 0.584980 0.156073 -0.076584 -0.792196
9463.000000 271.860576 -457.225204 -12.898519 0.699548 0.151183 -0.127591 -0.686656
9468.000000 282.520437 -456.678508 -13.177883 0.597500 0.213061 -0.140134 -0.760238
9473.000000 288.243483 -453.661906 -13.422389 0.887903 0.279513 -0.029095 -0.364217
9478.000000 292.035663 -454.869542 -13.633418 0.683664 0.052641 0.244164 0.685723
9483.000000 285.278344 -454.331002 -13.437128 0.668119 0.110573 0.225350 0.700434
9488.000000 284.438895 -456.996627 -13.378842 0.776961 0.219857 -0.149485 -0.570656
9493.000000 289.834068 -456.335671 -14.034864 0.734516 0.085707 -0.059977 -0.670480
9498.000000 290.813155 -452.753097 -13.860645 0.917587 0.047117 0.010309 0.394599
9503.000000 290.774270 -452.708359 -14.095165 0.868369 0.008841 0.010197 0.495735
9508.000000 290.806777 -452.704479 -14.077972 0.868369 0.008807 0.010207 0.495735
9513.000000 290.806777 -452.704479 -14.077972 0.868369 0.008776 0.010211 0.495736
9518.000000 290.806777 -452.704479 -14.077972 0.868367 0.008763 0.010219 0.495739
9523.000000 290.806777 -452.704479 -14.077972 0.868364 0.008752 0.010231 0.495745
9528.000000 290.806777 -452.704479 -14.077972 0.868360 0.008753 0.010246 0.495751
9533.000000 290.806777 -452.704479 -14.077972 0.868358 0.008754 0.010252 0.495755
9538.000000 290.806777 -452.704479 -14.077972 0.868355 0.008757 0.010260 0.495760
9543.000000 290.806777 -452.704479 -14.077972 0.868354 0.008759 0.010269 0.495762
9548.000000 290.806777 -452.704479 -14.077972 0.868349 0.008760 0.010269 0.495769
9553.000000 290.790051 -452.705635 -14.090920 0.868345 0.008759 0.010272 0.495776
9558.000000 290.790051 -452.705635 -14.090920 0.868342 0.008758 0.010279 0.495782
9563.000000 290.790051 -452.705635 -14.090920 0.868339 0.008762 0.010276 0.495788
9568.000000 290.790051 -452.705635 -14.090920 0.868337 0.008763 0.010269 0.495791
9573.000000 290.790051 -452.705635 -14.090920 0.868334 0.008766 0.010265 0.495796
9578.000000 290.790051 -452.705635 -14.090920 0.868333 0.008773 0.010256 0.495799
9583.000000 290.790051 -452.705635 -14.090920 0.868330 0.008777 0.010255 0.495802
9588.000000 290.790051 -452.705635 -14.090920 0.868327 0.008782 0.010258 0.495808
9593.000000 290.790051 -452.705635 -14.090920 0.868323 0.008787 0.010259 0.495815
9598.000000 290.790051 -452.705635 -14.090920 0.868320 0.008788 0.010265 0.495821
9603.000000 290.790051 -452.705635 -14.090920 0.868317 0.008790 0.010273 0.495825
9608.000000 290.790051 -452.705635 -14.090920 0.868315 0.008793 0.010275 0.495829
9613.000000 290.790051 -452.705635 -14.090920 0.868312 0.008799 0.010279 0.495833
9618.000000 290.790051 -452.705635 -14.090920 0.868309 0.008803 0.010282 0.495839
9623.000000 290.790051 -452.705635 -14.090920 0.868305 0.008803 0.010282 0.495846
9628.000000 290.790051 -452.705635 -14.090920 0.868301 0.008806 0.010288 0.495852
9633.000000 290.790051 -452.705635 -14.090920 0.868300 0.008814 0.010293 0.495854
9638.000000 290.790051 -452.705635 -14.090920 0.868298 0.008811 0.010291 0.495858
9643.000000 290.790051 -452.705635 -14.090920 0.868293 0.008807 0.010296 0.495866
9648.000000 290.790051 -452.705635 -14.090920 0.868289 0.008808 0.010304 0.495873
9653.000000 290.790051 -452.705635 -14.090920 0.868285 0.008806 0.010305 0.495880
9658.000000 290.790051 -452.705635 -14.090920 0.868283 0.008803 0.010310 0.495884
9663.000000 290.790051 -452.705635 -14.090920 0.868281 0.008806 0.010315 0.495887
9668.000000 290.790051 -452.705635 -14.090920 0.868277 0.008804 0.010316 0.495894
9673.000000 290.790051 -452.705635 -14.090920 0.868273 0.008805 0.010318 0.495901
9678.000000 290.790051 -452.705635 -14.090920 0.868270 0.008812 0.010323 0.495907
9683.000000 290.790051 -452.705635 -14.090920 0.868266 0.008815 0.010325 0.495914
9688.000000 290.790051 -452.705635 -14.090920 0.868262 0.008818 0.010326 0.495921
9693.000000 290.790051 -452.705635 -14.090920 0.868260 0.008824 0.010327 0.495924
9698.000000 290.790051 -452.705635 -14.090920 0.868256 0.008830 0.010322 0.495930
9703.000000 290.790051 -452.705635 -14.090920 0.868254 0.008829 0.010318 0.495935
9708.000000 290.790051 -452.705635 -14.090920 0.868252 0.008834 0.010315 0.495938
9713.000000 290.790051 -452.705635 -14.090920 0.868249 0.008839 0.010309 0.495943
9718.000000 290.790051 -452.705635 -14.090920 0.868246 0.008844 0.010305 0.495947
9723.000000 290.790051 -452.705635 -14.090920 0.868245 0.008856 0.010297 0.495950
9728.000000 290.790051 -452.705635 -14.090920 0.868242 0.008861 0.010288 0.495956
9733.000000 290.790051 -452.705635 -14.090920 0.868239 0.008867 0.010283 0.495960
9738.000000 290.790051 -452.705635 -14.090920 0.868235 0.008872 0.010282 0.495968
9743.000000 290.790051 -452.705635 -14.090920 0.868231 0.008875 0.010278 0.495974
9748.000000 290.790051 -452.705635 -14.090920 0.868229 0.008872 0.010273 0.495978
9753.000000 290.790051 -452.705635 -14.090920 0.868227 0.008871 0.010271 0.495982
9758.000000 290.790051 -452.705635 -14.090920 0.868224 0.008865 0.010264 0.495987
9763.000000 290.806777 -452.704479 -14.077972 0.868220 0.008862 0.010262 0.495994
9768.000000 290.806777 -452.704479 -14.077972 0.868218 0.008865 0.010263 0.495998
9773.000000 290.806777 -452.704479 -14.077972 0.868216 0.008861 0.010261 0.496001
9778.000000 290.806777 -452.704479 -14.077972 0.868212 0.008860 0.010265 0.496009
9783.000000 290.806777 -452.704479 -14.077972 0.868208 0.008868 0.010273 0.496014
9788.000000 290.806777 -452.704479 -14.077972 0.868203 0.008870 0.010281 0.496023
9793.000000 290.806777 -452.704479 -14.077972 0.868199 0.008868 0.010290 0.496030
9798.000000 290.806777 -452.704479 -14.077972 0.868197 0.008868 0.010299 0.496034
9803.000000 290.806777 -452.704479 -14.077972 0.868192 0.008862 0.010301 0.496042
9808.000000 290.806777 -452.704479 -14.077972 0.868189 0.008866 0.010305 0.496047
9813.000000 290.806777 -452.704479 -14.077972 0.868185 0.008874 0.010315 0.496053
9818.000000 290.806777 -452.704479 -14.077972 0.868181 0.008873 0.010317 0.496061
9823.000000 290.806777 -452.704479 -14.077972 0.868177 0.008867 0.010319 0.496068
9828.000000 290.806777 -452.704479 -14.077972 0.868174 0.008870 0.010327 0.496073
9833.000000 290.806777 -452.704479 -14.077972 0.868172 0.008869 0.010328 0.496077
9838.000000 290.806777 -452.704479 -14.077972 0.868169 0.008866 0.010331 0.496082
9843.000000 290.806777 -452.704479 -14.077972 0.868166 0.008865 0.010336 0.496087
9848.000000 290.806777 -452.704479 -14.077972 0.868161 0.008858 0.010338 0.496095
9853.000000 290.806777 -452.704479 -14.077972 0.868158 0.008856 0.010347 0.496101
9858.000000 290.806777 -452.704479 -14.077972 0.868155 0.008855 0.010355 0.496106
9863.000000 290.806777 -452.704479 -14.077972 0.868152 0.008853 0.010354 0.496112
9868.000000 290.806777 -452.704479 -14.077972 0.868148 0.008854 0.010353 0.496118
9873.000000 290.806777 -452.704479 -14.077972 0.868145 0.008856 0.010353 0.496124
9878.000000 290.806777 -452.704479 -14.077972 0.868139 0.008850 0.010353 0.496134
9883.000000 290.806777 -452.704479 -14.077972 0.868135 0.008844 0.010357 0.496142
9888.000000 290.806777 -452.704479 -14.077972 0.868133 0.008844 0.010360 0.496145
9893.000000 290.806777 -452.704479 -14.077972 0.868128 0.008843 0.010360 0.496153
9898.000000 290.806777 -452.704479 -14.077972 0.868125 0.008842 0.010361 0.496159
9903.000000 290.806777 -452.704479 -14.077972 0.868120 0.008845 0.010364 0.496168
9908.000000 290.806777 -452.704479 -14.077972 0.868115 0.008844 0.010365 0.496176
9913.000000 290.806777 -452.704479 -14.077972 0.868112 0.008837 0.010364 0.496181
9918.000000 290.806777 -452.704479 -14.077972 0.868110 0.008833 0.010356 0.496186
9923.000000 290.807334 -452.704446 -14.077308 0.867898 0.008832 0.010346 0.496556
