448748.598 8.455 69.737 1.663 0.987 0.045 -0.031 -0.149
448753.599 10.532 78.581 1.842 0.986 0.109 -0.028 -0.119
448758.598 12.260 87.253 1.919 0.984 0.074 -0.029 -0.163
448763.599 14.075 96.053 2.033 0.992 0.058 -0.039 -0.107
448768.599 16.090 104.664 2.152 0.983 0.060 0.006 -0.171
448773.598 18.181 113.202 2.291 0.993 0.069 -0.023 -0.096
448778.599 19.988 121.854 2.513 0.994 0.039 -0.002 -0.098
448783.599 20.868 130.548 2.851 0.996 0.085 -0.019 0.007
448788.598 21.105 139.114 3.266 0.999 0.040 0.012 -0.021
448793.599 21.210 147.752 3.858 0.998 0.051 -0.015 0.024
448798.599 21.308 156.320 4.391 0.996 0.045 -0.038 -0.064
448803.598 21.113 164.617 4.957 0.996 0.071 -0.002 0.044
448808.599 20.719 172.442 5.425 0.995 0.080 -0.026 -0.052
448813.599 20.673 180.664 5.995 0.996 0.051 -0.018 0.071
448818.598 19.026 187.118 6.357 0.998 0.066 -0.010 0.004
448823.599 18.599 194.553 6.963 0.998 0.046 -0.009 0.046
448828.599 15.343 202.272 7.508 0.960 0.093 -0.003 0.263
448833.598 10.576 208.041 7.648 0.943 0.052 -0.010 0.327
448838.599 4.988 213.513 7.666 0.908 0.096 0.019 0.407
448843.598 -1.747 217.952 7.617 0.867 0.091 -0.009 0.490
448848.598 -8.994 221.453 7.655 0.870 0.037 0.020 0.491
448853.599 -16.911 223.893 7.628 0.830 0.054 0.052 0.552
448858.598 -25.130 225.835 7.485 0.844 0.061 0.004 0.533
448863.599 -33.516 227.857 7.365 0.825 0.094 0.021 0.557
448868.599 -41.776 229.765 7.280 0.813 0.090 0.006 0.576
448873.598 -49.978 231.644 7.133 0.823 0.055 0.016 0.566
448878.599 -58.274 233.780 7.070 0.820 0.093 0.005 0.565
448883.599 -66.544 236.089 7.031 0.866 0.043 0.014 0.497
448888.598 -74.194 239.948 7.152 0.902 0.103 -0.004 0.419
448893.599 -81.082 245.583 7.279 0.926 0.051 -0.025 0.373
448898.599 -87.634 251.733 7.416 0.935 0.090 -0.047 0.340
448903.598 -94.015 258.321 7.488 0.935 0.063 -0.005 0.348
448908.599 -101.054 264.036 7.414 0.824 0.074 -0.011 0.562
448913.599 -109.486 266.803 7.337 0.842 0.089 -0.013 0.531
448918.598 -118.173 269.413 7.315 0.787 0.072 0.016 0.613
448923.599 -126.734 271.885 7.302 0.834 0.067 -0.026 0.547
448928.599 -135.506 274.116 7.259 0.795 0.083 0.002 0.602
448933.598 -144.211 275.401 7.112 0.832 0.016 -0.016 0.554
448938.599 -153.020 277.104 7.075 0.783 0.061 -0.007 0.619
448943.598 -161.642 279.710 6.948 0.821 -0.003 -0.015 0.570
448948.598 -169.870 283.013 6.937 0.862 -0.018 -0.005 0.507
448953.599 -177.774 287.755 7.102 0.874 0.057 0.007 0.482
448958.598 -185.595 292.218 7.165 0.883 0.045 -0.016 0.466
448963.598 -193.453 296.127 7.190 0.846 0.044 0.005 0.532
448968.599 -201.470 299.501 7.263 0.833 0.051 -0.021 0.550
448973.598 -209.503 302.697 7.350 0.815 0.062 -0.025 0.576
448978.599 -217.420 305.585 7.397 0.826 0.055 -0.034 0.559
448983.599 -225.707 308.467 7.516 0.809 0.070 -0.005 0.583
448988.598 -234.022 311.261 7.644 0.796 0.074 -0.010 0.600
448993.599 -242.445 313.848 7.741 0.784 0.054 -0.010 0.619
448998.599 -250.750 316.618 7.900 0.798 0.081 0.008 0.597
449003.598 -258.931 319.641 7.982 0.806 -0.010 -0.035 0.590
449008.599 -267.117 322.301 8.116 0.778 0.052 0.003 0.626
449013.599 -275.478 324.066 8.172 0.730 0.090 -0.007 0.678
449018.598 -283.915 325.045 8.191 0.719 0.063 0.019 0.692
449023.599 -292.567 325.310 8.116 0.657 0.051 0.022 0.752
449028.599 -301.347 324.057 8.014 0.664 0.023 0.010 0.748
449033.598 -309.936 322.214 7.954 0.618 0.087 0.019 0.781
449038.599 -318.664 321.971 7.815 0.728 0.025 -0.000 0.686
449043.599 -327.424 322.881 7.729 0.706 0.055 0.005 0.706
449048.598 -336.229 323.660 7.588 0.716 0.011 -0.022 0.697
449053.599 -345.112 323.492 7.445 0.639 0.072 -0.018 0.766
449058.598 -353.719 322.285 7.320 0.625 0.032 0.003 0.780
449063.598 -362.483 320.909 7.147 0.661 0.022 0.001 0.750
449068.599 -371.516 319.353 6.992 0.643 0.046 -0.005 0.764
449073.598 -380.370 317.925 6.790 0.667 0.066 -0.011 0.742
449078.599 -389.388 316.659 6.591 0.655 0.050 -0.017 0.754
449083.599 -398.483 315.848 6.264 0.749 0.022 -0.051 0.661
449088.598 -407.528 316.845 5.959 0.766 0.059 -0.037 0.639
449093.599 -412.419 318.118 5.745 0.791 -0.019 -0.033 0.611
449098.599 -417.721 319.758 5.565 0.829 0.046 0.022 0.557
449103.598 -426.306 322.137 5.252 0.844 0.048 0.003 0.533
449108.599 -435.202 324.314 4.904 0.836 0.046 0.025 0.546
449113.599 -444.183 326.695 4.548 0.799 0.053 0.014 0.599
449118.598 -453.265 328.495 4.155 0.802 0.036 0.020 0.596
449123.599 -462.215 330.623 3.765 0.826 0.074 -0.015 0.559
449128.599 -470.971 332.926 3.366 0.789 0.052 0.040 0.610
449133.598 -479.692 335.118 3.017 0.811 0.063 0.041 0.581
449138.599 -488.411 337.307 2.628 0.802 0.025 0.022 0.597
449143.598 -497.240 339.350 2.250 0.801 0.055 0.039 0.595
449148.598 -506.019 341.734 1.874 0.814 0.060 0.044 0.576
449153.599 -514.936 344.067 1.490 0.804 0.068 0.036 0.589
449158.598 -523.736 346.579 1.075 0.787 0.038 0.021 0.615
449163.598 -532.914 348.091 0.692 0.764 0.049 0.034 0.642
449168.599 -542.327 349.180 0.270 0.781 0.025 0.041 0.623
449173.598 -551.395 350.349 -0.215 0.801 0.017 0.008 0.599
449178.599 -560.700 351.985 -0.764 0.810 0.025 0.027 0.586
449183.599 -569.608 354.520 -1.286 0.840 0.045 0.001 0.541
449188.598 -578.016 357.677 -1.878 0.866 0.000 0.003 0.499
449193.599 -586.245 361.729 -2.415 0.887 0.018 -0.010 0.462
449198.599 -593.988 366.049 -2.877 0.895 0.009 0.005 0.447
449203.598 -601.632 370.698 -3.352 0.888 0.029 -0.013 0.459
449208.599 -608.987 375.202 -3.858 0.985 0.048 0.005 0.165
449213.599 -615.752 379.901 -4.322 0.988 0.044 0.012 0.148
449218.598 -622.634 384.774 -4.844 0.970 0.069 0.011 0.232
449223.599 -628.315 390.477 -5.325 0.981 0.035 -0.028 0.188
449228.599 -635.143 395.454 -5.960 0.983 0.049 0.026 0.173
449233.598 -641.465 401.366 -6.584 0.973 0.034 0.005 0.230
449238.599 -647.631 407.597 -7.212 0.975 0.045 0.004 0.216
449243.598 -653.654 414.382 -7.880 0.975 0.014 -0.023 0.222
449248.598 -658.875 421.573 -8.294 0.984 0.023 -0.002 0.177
449253.599 -662.375 429.531 -8.704 0.998 0.007 -0.053 -0.017
449258.598 -664.095 437.916 -9.108 0.988 0.043 -0.007 -0.145
449263.599 -661.483 445.409 -9.567 0.892 0.040 -0.076 -0.444
449268.599 -658.726 448.630 -9.518 0.765 0.028 -0.059 -0.641
449273.598 -656.651 449.464 -9.391 0.785 0.064 -0.091 -0.609
449278.599 -650.293 452.741 -9.086 0.899 0.057 -0.076 -0.427
449283.599 -643.485 455.683 -8.899 0.822 0.072 -0.034 -0.564
449288.598 -636.836 458.686 -8.584 0.831 0.029 -0.058 -0.553
449293.599 -630.332 461.793 -8.363 0.866 0.053 -0.052 -0.495
449298.599 -623.621 464.603 -7.965 0.837 0.098 -0.070 -0.534
449303.598 -617.430 467.635 -7.710 0.830 0.107 0.001 -0.548
449308.599 -611.306 471.120 -7.308 0.872 0.085 -0.039 -0.480
449313.599 -605.350 475.314 -7.119 0.897 0.111 0.005 -0.427
449318.598 -599.461 479.655 -6.944 0.917 0.088 0.009 -0.389
449323.599 -593.662 483.677 -6.791 0.857 0.104 -0.012 -0.505
449328.599 -587.829 487.740 -6.449 0.737 0.134 -0.010 -0.662
449333.598 -581.209 490.672 -6.194 0.766 0.088 -0.031 -0.636
449338.599 -574.066 492.195 -5.676 0.785 0.071 -0.032 -0.615
449343.598 -566.857 493.353 -5.257 0.709 0.098 0.011 -0.698
449348.598 -559.604 494.362 -4.825 0.728 0.085 -0.026 -0.680
449353.599 -552.171 495.045 -4.365 0.734 0.085 -0.031 -0.674
449358.598 -544.803 495.849 -3.873 0.756 0.081 -0.010 -0.649
449363.599 -537.333 497.307 -3.417 0.809 0.061 -0.004 -0.585
449368.599 -530.169 500.144 -3.158 0.779 0.065 -0.003 -0.624
449373.598 -523.101 503.383 -2.852 0.844 0.073 -0.024 -0.531
449378.599 -516.319 506.987 -2.609 0.833 0.066 -0.025 -0.549
449383.599 -509.352 510.154 -2.426 0.839 0.070 0.003 -0.540
449388.598 -502.324 513.290 -2.140 0.824 0.062 -0.043 -0.562
449393.599 -495.364 516.221 -1.892 0.823 0.064 -0.016 -0.565
449398.599 -488.362 519.099 -1.693 0.774 0.081 0.005 -0.628
449403.598 -481.536 521.852 -1.438 0.761 0.046 0.018 -0.647
449408.599 -474.497 524.433 -1.170 0.800 0.080 -0.006 -0.595
449413.599 -467.392 526.994 -0.930 0.800 0.080 -0.027 -0.595
449418.598 -460.550 529.645 -0.626 0.841 0.063 0.017 -0.537
449423.599 -454.044 532.262 -0.371 0.723 0.072 0.002 -0.688
449428.598 -446.973 534.636 -0.067 0.760 0.041 -0.004 -0.649
449433.598 -439.861 536.468 0.198 0.813 0.049 -0.056 -0.577
449438.599 -432.524 538.062 0.451 0.789 0.081 0.009 -0.609
449443.598 -425.269 539.743 0.547 0.688 0.093 -0.027 -0.720
449448.598 -417.966 541.372 0.654 0.692 0.073 -0.024 -0.718
449453.599 -410.806 542.646 0.725 0.742 0.056 -0.037 -0.668
449458.598 -403.568 544.157 0.930 0.736 0.122 0.007 -0.665
449463.599 -396.259 545.674 0.996 0.730 0.081 0.022 -0.678
449468.599 -388.919 546.775 1.219 0.665 0.086 0.015 -0.742
449473.598 -381.689 547.770 1.476 0.669 0.077 -0.037 -0.738
449478.599 -374.280 548.783 1.742 0.704 0.063 -0.008 -0.707
449483.599 -367.057 549.960 2.038 0.734 0.048 -0.009 -0.678
449488.598 -359.720 550.595 2.236 0.649 -0.003 -0.069 -0.757
449493.599 -352.357 551.267 2.516 0.717 0.018 -0.017 -0.697
449498.599 -344.954 552.874 2.632 0.757 0.049 -0.018 -0.652
449503.598 -337.880 554.923 2.796 0.777 0.031 0.013 -0.629
449508.599 -330.679 556.995 3.007 0.792 0.048 0.009 -0.608
449513.599 -323.346 558.838 3.075 0.736 0.016 0.010 -0.676
449518.598 -316.243 560.877 3.270 0.713 0.040 0.027 -0.700
449523.599 -309.174 562.465 3.444 0.760 0.046 -0.026 -0.648
449528.598 -302.019 564.098 3.686 0.810 0.027 -0.017 -0.585
449533.598 -294.879 565.626 3.907 0.741 0.031 -0.012 -0.671
449538.599 -287.323 566.505 4.079 0.687 0.064 -0.022 -0.724
449543.598 -279.828 566.595 4.394 0.661 0.009 -0.034 -0.750
449548.599 -272.462 566.294 4.560 0.624 0.028 -0.027 -0.780
449553.599 -265.203 565.532 4.856 0.718 0.039 -0.033 -0.694
449558.598 -258.024 565.513 5.100 0.667 0.056 0.002 -0.743
449563.599 -250.721 565.583 5.208 0.648 0.048 -0.015 -0.760
449568.599 -244.768 565.796 5.318 0.790 0.008 -0.032 -0.612
449573.598 -243.877 565.807 5.305 0.713 -0.021 -0.009 -0.701
449578.599 -241.459 565.789 5.350 0.679 -0.014 -0.049 -0.732
449583.599 -233.501 565.191 5.639 0.584 0.022 -0.062 -0.809
449588.598 -224.998 563.419 5.928 0.558 0.001 -0.039 -0.829
449593.599 -216.742 560.420 6.194 0.504 -0.011 -0.037 -0.863
449598.599 -208.475 557.648 6.563 0.564 -0.020 -0.051 -0.824
449603.598 -199.866 556.734 6.851 0.675 -0.012 -0.026 -0.738
449608.599 -190.904 557.781 7.134 0.750 0.020 -0.062 -0.658
449613.599 -182.014 558.832 7.433 0.657 0.021 -0.023 -0.754
449618.598 -172.976 557.794 7.671 0.577 -0.020 -0.035 -0.816
449623.599 -164.220 555.640 7.995 0.548 -0.003 -0.061 -0.834
449628.598 -155.307 553.256 8.208 0.533 -0.007 -0.040 -0.845
449633.598 -146.518 550.590 8.466 0.560 -0.013 -0.053 -0.827
449638.599 -137.310 548.384 8.576 0.630 0.003 -0.078 -0.773
449643.598 -127.875 546.980 8.681 0.619 0.018 -0.043 -0.784
449648.599 -118.530 545.795 8.842 0.622 -0.027 -0.051 -0.781
449653.599 -109.195 545.341 9.044 0.677 -0.005 -0.089 -0.730
449658.598 -100.035 545.330 9.287 0.717 0.017 -0.055 -0.695
449663.599 -90.650 545.005 9.450 0.655 -0.002 -0.025 -0.755
449668.599 -81.508 544.002 9.698 0.613 0.002 -0.057 -0.788
449673.598 -72.557 541.847 9.953 0.624 0.016 -0.062 -0.779
449678.599 -63.353 540.605 9.929 0.622 -0.011 -0.043 -0.782
449683.599 -54.138 542.148 9.775 0.798 -0.000 -0.053 -0.600
449688.598 -45.576 546.298 9.529 0.848 0.017 -0.045 -0.528
449693.599 -36.981 549.822 9.220 0.725 -0.021 -0.037 -0.688
449698.599 -27.880 550.765 9.123 0.682 0.020 -0.041 -0.730
449703.598 -18.796 550.221 9.059 0.650 -0.020 -0.014 -0.759
449708.599 -9.705 548.378 9.041 0.566 0.009 -0.035 -0.824
449713.598 -1.094 545.181 9.141 0.502 -0.005 -0.029 -0.864
449718.598 7.101 541.390 9.234 0.541 -0.021 -0.057 -0.839
449723.599 14.915 537.155 9.343 0.480 0.003 -0.062 -0.875
449728.598 22.614 532.526 9.450 -0.434 0.033 0.071 0.897
449733.599 29.849 527.210 9.504 -0.460 0.015 0.039 0.887
449738.599 36.496 522.871 9.646 -0.597 0.012 0.025 0.802
449743.598 38.732 521.678 9.658 0.804 -0.044 0.000 -0.593
449748.599 39.122 521.852 9.638 0.733 0.013 0.020 -0.680
449753.599 46.276 520.939 9.735 0.799 0.018 0.014 -0.601
449758.598 54.387 522.510 9.679 0.847 0.055 -0.021 -0.528
449763.599 62.563 524.802 9.639 0.818 0.073 -0.025 -0.570
449768.599 70.677 527.142 9.623 0.827 0.048 0.016 -0.560
449773.598 79.163 529.759 9.573 0.807 0.057 0.002 -0.588
449778.599 87.528 533.342 9.509 0.956 0.082 0.040 -0.280
449783.599 95.714 537.368 9.049 0.781 0.080 0.006 -0.620
449788.598 104.875 540.304 8.808 0.765 0.054 0.052 -0.640
449793.599 114.119 541.648 8.729 0.718 0.051 0.020 -0.694
449798.599 123.376 540.384 8.682 0.609 0.050 -0.008 -0.791
449803.598 132.186 537.606 8.685 0.615 0.045 -0.010 -0.787
449808.599 140.746 534.345 8.485 0.583 0.044 0.003 -0.812
449813.598 149.228 530.674 8.203 0.603 0.024 0.016 -0.797
449818.598 157.569 527.092 7.980 0.504 0.020 -0.021 -0.863
449823.599 165.830 523.308 7.842 0.560 0.030 0.005 -0.828
449828.598 174.135 519.053 7.652 0.464 0.045 -0.031 -0.884
449833.599 181.957 514.350 7.502 -0.512 -0.017 -0.016 0.859
449838.599 189.759 509.699 7.489 0.511 0.002 -0.009 -0.859
449843.598 198.008 505.625 7.460 0.640 0.020 -0.020 -0.768
449848.599 206.194 502.326 7.474 0.594 0.009 0.005 -0.804
449853.599 214.680 499.857 7.445 0.632 -0.015 0.027 -0.774
449858.598 223.623 497.523 7.263 0.669 0.038 0.016 -0.742
449863.599 232.622 495.895 7.033 0.711 0.007 0.015 -0.703
449868.599 241.901 494.711 6.798 0.664 0.069 -0.003 -0.744
449873.598 250.197 493.414 6.543 0.623 0.023 0.010 -0.782
449878.599 258.317 489.788 6.381 0.608 0.032 -0.023 -0.793
449883.599 267.176 487.081 5.982 0.678 0.015 0.016 -0.735
449888.598 275.752 484.113 5.497 -0.276 -0.080 0.159 0.944
449893.599 283.969 480.561 4.840 -0.454 -0.022 0.007 0.891
449898.598 291.842 476.355 4.320 -0.349 -0.049 0.039 0.935
449903.598 299.682 472.162 3.886 0.565 0.026 0.006 -0.825
449908.599 307.844 468.428 3.171 -0.585 -0.044 0.007 0.810
449913.598 316.393 465.148 2.163 0.584 0.051 -0.015 -0.810
449918.599 325.148 461.881 1.192 0.574 0.038 0.009 -0.818
449923.599 332.821 458.382 0.561 0.559 0.026 0.008 -0.829
449928.598 336.368 456.526 0.269 -0.343 0.016 -0.023 0.939
449933.599 338.844 454.335 0.143 -0.429 -0.039 0.050 0.901
449938.599 344.981 449.388 -0.291 -0.331 -0.087 0.028 0.939
449943.598 350.274 443.631 -0.756 -0.233 -0.045 0.053 0.970
449948.599 354.154 436.949 -1.024 -0.074 -0.045 0.076 0.993
449953.599 355.520 429.488 -0.935 -0.061 0.010 -0.107 -0.992
449958.598 354.916 421.667 -0.907 0.209 -0.037 0.074 0.974
449963.599 352.410 414.399 -0.847 0.341 0.005 0.057 0.938
449968.599 347.726 408.643 -0.601 0.476 0.021 0.102 0.873
449973.598 342.138 403.925 -0.257 0.525 0.002 0.071 0.848
449978.599 336.164 399.613 0.225 0.603 0.040 0.063 0.794
449983.599 329.875 395.412 0.702 0.560 0.028 0.081 0.824
449988.598 323.744 391.279 1.112 0.500 0.046 0.052 0.863
449993.599 317.577 386.958 1.542 0.488 0.055 0.102 0.865
449998.598 311.369 382.694 1.941 0.500 0.000 0.095 0.861
450003.598 304.957 378.824 2.320 0.569 0.042 0.086 0.817
450008.599 298.462 374.612 2.690 0.561 -0.002 0.070 0.825
450013.598 291.886 370.474 3.080 0.586 0.018 0.085 0.806
450018.599 285.682 366.217 3.445 0.511 0.040 0.093 0.854
450023.599 279.558 362.115 3.906 0.487 0.050 0.109 0.865
450028.598 273.398 357.855 4.193 0.485 0.001 0.072 0.872
450033.599 267.711 353.961 4.493 0.555 0.045 0.046 0.829
450038.599 261.862 349.844 4.891 0.503 0.040 0.055 0.862
450043.598 256.050 345.346 5.288 0.481 0.046 0.054 0.874
450048.599 250.220 340.947 5.722 0.503 0.035 0.079 0.860
450053.599 244.334 336.502 6.092 0.568 0.033 0.086 0.818
450058.598 238.233 332.437 6.497 0.550 0.026 0.067 0.832
450063.599 231.470 328.513 6.780 0.576 0.047 0.088 0.811
450068.599 224.799 325.076 7.133 0.578 0.053 0.065 0.812
450073.598 217.953 322.362 7.538 0.603 0.026 0.060 0.795
450078.599 210.982 319.678 7.869 0.633 0.022 0.058 0.772
450083.598 204.173 317.313 8.325 0.631 0.011 0.046 0.774
450088.598 197.502 314.504 8.798 0.560 0.043 0.046 0.826
450093.599 190.921 311.478 9.222 0.549 -0.013 0.051 0.834
450098.598 184.404 307.654 9.685 0.558 0.007 0.108 0.823
450103.599 178.303 303.719 10.183 0.489 0.046 0.029 0.870
450108.599 172.107 299.794 10.775 0.477 0.051 0.064 0.875
450113.598 165.802 296.557 11.285 0.635 0.032 0.056 0.770
450118.599 159.919 292.496 11.621 0.538 0.032 0.060 0.840
450123.599 153.791 288.562 11.653 0.535 0.039 0.081 0.840
450128.598 147.557 284.883 11.462 0.500 0.009 0.070 0.863
450133.599 140.916 281.776 11.237 0.523 -0.002 0.076 0.849
450138.599 136.578 278.889 11.081 0.276 0.010 0.034 0.961
450143.598 133.893 277.919 11.001 0.459 -0.021 0.118 0.880
450148.599 128.205 274.982 10.843 0.618 -0.027 0.090 0.780
450153.599 122.131 271.543 10.863 0.615 0.009 0.054 0.786
450158.598 115.841 268.248 10.877 0.584 0.036 0.063 0.809
450163.599 109.318 265.186 10.925 0.553 0.043 0.060 0.830
450168.598 103.484 261.681 10.953 0.414 0.009 0.097 0.905
450173.598 102.736 261.084 10.894 0.363 0.015 -0.016 0.932
450178.599 102.518 260.752 10.933 0.348 0.012 0.010 0.937
450183.598 101.760 260.160 10.874 0.444 0.028 0.022 0.895
450188.599 96.408 256.849 10.961 0.528 0.058 0.080 0.844
450193.599 89.971 253.469 10.999 0.594 0.071 0.129 0.791
450198.598 83.386 250.343 11.111 0.607 0.031 0.070 0.791
450203.599 76.353 247.761 11.245 0.635 0.051 0.037 0.770
450208.599 69.140 245.309 11.298 0.629 0.039 0.062 0.774
450213.598 61.926 242.689 11.364 0.630 0.026 0.033 0.775
450218.599 54.819 239.439 11.417 0.487 0.026 0.066 0.871
450223.599 49.438 233.611 11.337 0.272 0.030 0.077 0.959
450228.598 46.068 226.301 10.872 0.215 0.026 0.075 0.973
450233.599 42.982 218.907 10.446 0.336 0.025 0.068 0.939
450238.599 38.728 212.072 9.815 0.280 0.000 0.082 0.956
450243.598 33.922 205.512 8.858 0.327 -0.025 0.080 0.941
450248.599 29.425 199.068 7.957 0.322 0.003 0.049 0.945
450253.598 26.544 192.471 7.116 0.357 0.018 0.079 0.931
450258.598 24.013 185.217 6.489 0.205 0.010 0.086 0.975
450263.599 21.898 177.212 5.856 0.158 0.018 0.080 0.984
450268.598 21.401 169.001 5.376 0.171 -0.042 0.047 0.983
450273.599 21.400 160.522 4.760 0.091 -0.047 0.058 0.993
450278.599 21.466 152.011 4.294 0.076 0.010 0.047 0.996
450283.598 21.504 143.528 3.818 0.026 -0.009 0.092 0.995
450288.599 21.328 135.089 3.262 0.141 -0.009 0.059 0.988
450293.599 20.657 126.475 2.932 0.145 -0.022 0.054 0.988
450298.598 18.747 118.282 2.683 0.207 -0.005 0.060 0.977
450303.599 16.553 109.937 2.656 0.181 -0.001 0.058 0.982
450308.599 14.980 101.506 2.696 0.152 -0.001 0.056 0.987
450313.598 13.314 92.976 2.935 0.140 0.007 0.102 0.985
450318.599 12.620 84.617 3.200 0.069 0.018 0.109 0.991
450323.599 11.813 76.589 3.493 0.107 0.006 0.089 0.990
450328.598 10.606 70.722 3.799 0.282 0.025 0.081 0.956
450333.599 10.357 69.428 3.780 0.090 -0.000 0.049 0.995
450338.598 8.617 61.869 4.205 0.304 -0.048 0.099 0.946
450343.598 6.779 54.169 4.506 0.328 -0.039 0.062 0.942
450348.599 4.608 46.216 4.936 0.098 -0.040 0.057 0.993
450353.598 2.728 38.256 5.270 0.117 -0.043 0.087 0.988
450358.599 1.731 30.032 5.646 -0.062 -0.032 0.064 0.995
450363.599 0.909 21.568 6.057 -0.033 0.037 -0.061 -0.997
450368.598 0.284 12.738 6.454 0.034 -0.032 0.054 0.997
450373.599 -0.041 4.103 6.795 0.102 -0.033 0.081 0.991
450378.599 0.025 -4.603 7.168 0.014 -0.051 0.092 0.994
450383.598 0.085 -13.249 7.538 0.064 -0.024 0.081 0.994
450388.599 0.160 -21.846 7.664 0.107 -0.038 0.070 0.991
450393.599 0.132 -30.428 7.815 0.128 -0.046 0.092 0.986
450398.598 0.197 -38.964 8.063 0.057 -0.049 0.067 0.995
450403.599 2.168 -47.549 8.248 -0.155 -0.035 0.042 0.986
450408.599 3.793 -55.802 8.482 -0.073 0.044 -0.079 -0.993
450413.598 3.953 -64.101 8.586 0.050 -0.049 0.039 0.997
450418.599 5.231 -71.648 8.675 -0.434 -0.046 0.030 0.899
450423.598 11.676 -74.055 8.354 0.704 0.057 -0.025 -0.708
450428.598 17.559 -73.877 6.147 0.625 0.039 0.009 -0.779
450433.599 23.410 -74.333 4.616 0.389 0.112 -0.114 -0.907
450438.598 24.962 -80.493 4.145 -0.159 -0.040 0.021 0.986
450443.599 29.703 -84.338 3.485 0.713 0.100 -0.028 -0.694
450448.599 34.249 -84.099 1.358 0.728 0.085 -0.015 -0.680
450453.598 40.179 -84.138 0.841 0.759 0.031 -0.003 -0.651
450458.599 42.338 -84.446 0.877 0.802 0.028 0.033 -0.596
450463.599 46.401 -84.958 0.972 0.567 0.008 -0.016 -0.824
450468.598 61.219 -88.055 0.966 0.564 0.051 -0.048 -0.823
450473.599 70.495 -87.782 0.941 0.966 0.045 0.031 -0.254
450478.599 74.580 -82.028 0.935 0.785 0.016 0.016 -0.619
450483.598 80.909 -82.806 1.021 0.229 0.034 -0.032 -0.972
450488.599 79.915 -88.893 1.046 0.533 -0.040 0.023 0.845
450493.599 73.360 -88.566 0.937 0.952 0.022 0.038 0.303
450498.598 69.753 -81.741 0.952 0.973 0.044 -0.036 0.222
450503.599 63.306 -76.762 0.943 0.757 0.061 -0.025 0.650
450508.598 59.626 -83.844 0.998 0.230 -0.046 -0.060 -0.970
