288342.098 0.023 -0.027 0.026 1.000 0.006 -0.028 -0.002
288347.099 0.022 -0.030 0.026 1.000 0.006 -0.030 -0.002
288352.098 0.025 -0.025 0.028 0.999 0.006 -0.031 -0.003
288357.098 0.022 -0.025 0.026 1.000 0.006 -0.029 -0.002
288362.099 0.023 -0.029 0.028 1.000 0.006 -0.031 -0.002
288367.098 0.022 -0.025 0.029 1.000 0.006 -0.031 -0.002
288372.099 0.019 -0.027 0.032 1.000 0.006 -0.030 -0.003
288377.099 0.018 -0.026 0.024 1.000 0.006 -0.031 -0.003
288382.098 0.017 -0.023 0.028 1.000 0.006 -0.031 -0.002
288387.099 0.023 -0.026 0.026 1.000 0.006 -0.028 -0.003
288392.099 0.030 -0.027 0.026 1.000 0.006 -0.031 -0.002
288397.098 0.025 -0.027 0.032 1.000 0.006 -0.031 -0.002
288402.099 0.029 -0.033 0.032 1.000 0.005 -0.030 -0.002
288407.099 0.023 -0.027 0.027 1.000 0.006 -0.031 -0.002
288412.098 0.019 -0.026 0.029 1.000 0.006 -0.029 -0.002
288417.099 0.022 -0.024 0.026 1.000 0.006 -0.030 -0.002
288422.099 0.030 -0.028 0.027 1.000 0.006 -0.030 -0.002
288427.098 0.011 -0.043 0.027 1.000 0.005 -0.030 -0.003
288432.099 0.019 -0.031 0.024 1.000 0.006 -0.030 -0.002
288437.098 0.027 -0.021 0.027 1.000 0.006 -0.030 -0.002
288442.098 0.013 -0.028 0.027 1.000 0.006 -0.030 -0.002
288447.099 0.015 -0.030 0.024 1.000 0.006 -0.030 -0.002
288452.098 0.022 -0.028 0.029 1.000 0.006 -0.030 -0.002
288457.099 0.028 -0.033 0.029 0.999 0.005 -0.031 -0.002
288462.099 0.017 -0.028 0.029 0.999 0.006 -0.031 -0.003
288467.098 0.029 -0.028 0.027 1.000 0.006 -0.030 -0.002
288472.099 0.011 -0.027 0.025 1.000 0.006 -0.030 -0.003
288477.099 0.025 -0.028 0.025 1.000 0.006 -0.030 -0.002
288482.098 0.020 -0.023 0.025 1.000 0.006 -0.031 -0.003
288487.099 0.013 -0.028 0.029 1.000 0.006 -0.030 -0.003
288492.099 0.026 -0.030 0.029 0.999 0.006 -0.031 -0.002
288497.098 0.025 -0.026 0.027 1.000 0.006 -0.031 -0.002
288502.099 0.026 -0.032 0.027 1.000 0.006 -0.030 -0.002
288507.099 0.020 -0.029 0.022 0.999 0.006 -0.031 -0.002
288512.098 0.019 -0.024 0.027 0.999 0.006 -0.031 -0.003
288517.099 0.019 -0.017 0.020 1.000 0.006 -0.030 -0.002
288522.098 0.016 -0.023 0.025 1.000 0.006 -0.031 -0.003
288527.098 0.013 -0.025 0.031 1.000 0.006 -0.030 -0.003
288532.099 0.025 -0.034 0.030 0.999 0.006 -0.031 -0.002
288537.098 0.017 -0.026 0.028 1.000 0.006 -0.030 -0.002
288542.098 0.017 -0.028 0.025 1.000 0.006 -0.029 -0.002
288547.099 0.249 -0.972 0.917 -0.209 0.013 0.061 0.976
288552.098 1.758 -7.219 1.047 -0.066 0.024 0.053 0.996
288557.099 3.300 -23.205 1.086 -0.040 0.013 0.095 0.995
288562.099 3.834 -30.848 1.035 -0.337 0.017 0.090 0.937
288567.098 8.120 -28.098 1.118 0.988 0.082 -0.071 0.109
288572.099 2.428 -21.853 1.075 0.938 0.071 0.003 0.338
288577.099 0.238 -14.036 1.009 0.998 0.063 0.003 -0.024
288582.098 4.775 -9.416 1.064 0.561 0.083 -0.069 -0.821
288587.099 4.023 -16.425 1.112 0.168 0.050 0.052 0.983
288592.099 4.408 -19.337 1.208 0.619 0.127 -0.210 -0.746
288597.393 4.939 -25.872 1.150 -0.478 -0.004 0.131 0.868
288601.999 5.733 -32.344 1.229 -0.528 -0.113 0.247 0.804
288606.999 6.596 -39.012 1.138 0.673 0.110 -0.166 -0.712
288611.998 6.952 -46.538 1.007 -0.062 0.011 0.045 0.997
288616.999 10.802 -52.772 1.003 -0.416 0.019 0.045 0.908
288621.999 17.891 -54.279 1.145 0.728 0.016 -0.043 -0.684
288626.998 24.640 -53.465 1.265 0.985 0.122 -0.053 -0.106
288631.999 27.547 -49.272 1.188 0.986 0.099 -0.046 -0.127
288636.999 30.587 -45.734 1.068 0.828 0.070 -0.087 -0.549
288641.998 29.876 -45.515 1.229 0.949 0.222 0.035 0.221
288646.999 29.252 -45.597 0.992 0.720 0.040 -0.027 0.692
288651.999 24.903 -48.679 1.137 0.666 0.039 0.037 0.744
288656.998 19.747 -50.266 1.126 0.970 0.099 -0.035 0.221
288661.999 15.555 -50.379 1.159 0.962 0.109 -0.062 -0.242
288666.998 11.046 -49.448 0.951 0.996 0.020 -0.058 0.062
288671.998 7.347 -45.910 0.844 0.969 0.025 -0.055 -0.241
288676.999 5.895 -40.545 0.972 0.938 0.042 -0.065 -0.339
288681.998 5.108 -34.228 1.073 0.926 0.005 -0.061 -0.373
288686.999 5.006 -27.951 1.150 0.868 0.005 -0.120 -0.482
288691.999 4.903 -22.492 1.061 0.848 0.021 -0.020 -0.530
288696.998 4.774 -21.699 1.098 0.935 0.006 -0.031 -0.352
288701.999 3.641 -17.014 1.038 0.998 0.034 0.001 0.058
288706.999 1.488 -11.377 1.038 0.968 0.002 0.018 0.249
288711.998 0.600 -5.403 1.041 1.000 0.006 -0.005 -0.015
288716.999 0.468 0.626 1.006 0.994 0.006 0.005 -0.106
288721.999 2.800 6.080 0.997 0.993 0.008 0.017 -0.113
288726.998 8.059 8.459 1.100 0.676 0.049 -0.050 -0.734
288731.999 14.336 9.033 1.067 0.778 0.025 -0.007 -0.628
288736.999 20.636 10.128 1.059 0.789 0.018 -0.032 -0.613
288741.998 25.481 13.865 0.906 0.997 0.007 0.022 0.076
288746.999 29.201 17.062 0.746 0.605 0.016 -0.032 -0.795
288751.998 31.582 12.855 0.784 -0.071 -0.042 0.158 0.984
288756.998 27.122 9.714 0.957 -0.022 0.026 0.195 0.980
288761.999 21.210 8.294 1.007 0.719 0.012 0.089 0.689
288766.998 14.283 8.289 1.092 0.801 0.033 0.054 0.595
288771.999 7.631 8.273 1.140 0.568 0.009 0.044 0.821
288776.999 3.446 3.674 1.114 0.172 -0.033 -0.030 -0.984
288781.998 3.014 -4.038 1.027 -0.010 0.065 0.004 0.998
288786.999 3.227 -16.641 1.097 -0.130 0.036 -0.039 -0.990
288791.999 0.986 -23.051 1.139 0.104 -0.053 -0.029 -0.993
288796.998 5.862 -25.561 1.191 0.798 0.053 -0.075 -0.596
288801.999 4.193 -21.278 1.096 0.676 0.042 -0.001 0.736
288806.999 1.589 -16.621 1.000 0.954 0.066 0.047 -0.289
288811.998 3.685 -11.003 1.011 0.957 0.042 -0.065 0.280
288816.999 -0.815 -7.048 1.026 0.975 0.032 0.036 0.217
