268347.000000 0.000000 0.000000 0.000000 0.998792 0.007996 0.000494 0.048489
268349.488791 0.000000 0.000000 0.000000 0.998792 0.007994 0.000496 0.048488
268351.978787 0.000000 0.000000 0.000000 0.998792 0.007995 0.000497 0.048488
268354.463782 0.000000 0.000000 0.000000 0.998792 0.007995 0.000496 0.048486
268356.953778 0.000000 0.000000 0.000000 0.998792 0.007994 0.000495 0.048485
268359.438773 0.000000 0.000000 0.000000 0.998792 0.007994 0.000492 0.048483
268361.928770 0.000000 0.000000 0.000000 0.998792 0.007993 0.000489 0.048483
268364.413764 0.000000 0.000000 0.000000 0.998792 0.007991 0.000486 0.048483
268366.903761 0.000000 0.000000 0.000000 0.998792 0.007989 0.000486 0.048482
268369.388756 0.000000 0.000000 0.000000 0.998792 0.007990 0.000485 0.048482
268371.878752 0.000000 0.000000 0.000000 0.998792 0.007990 0.000483 0.048481
268374.363747 0.000000 0.000000 0.000000 0.998792 0.007990 0.000482 0.048481
268376.853744 0.000000 0.000000 0.000000 0.998792 0.007992 0.000480 0.048481
268379.338739 0.000000 0.000000 0.000000 0.998792 0.007990 0.000475 0.048481
268381.828735 0.000000 0.000000 0.000000 0.998792 0.007988 0.000472 0.048479
268384.313730 0.000000 0.000000 0.000000 0.998792 0.007986 0.000472 0.048481
268386.803727 0.000000 0.000000 0.000000 0.998792 0.007986 0.000473 0.048482
268389.288722 0.000000 0.000000 0.000000 0.998792 0.007984 0.000477 0.048483
268391.778718 0.000000 0.000000 0.000000 0.998792 0.007983 0.000477 0.048481
268394.263713 0.000000 0.000000 0.000000 0.998792 0.007982 0.000483 0.048483
268396.753710 0.000000 0.000000 0.000000 0.998792 0.007985 0.000494 0.048486
268399.238705 0.000000 0.000000 0.000000 0.998792 0.007983 0.000501 0.048486
268401.728702 0.000000 0.000000 0.000000 0.998792 0.007982 0.000513 0.048487
268404.213697 0.000000 0.000000 0.000000 0.998792 0.007983 0.000525 0.048488
268406.703694 0.000000 0.000000 0.000000 0.998792 0.007988 0.000538 0.048491
268409.188689 0.000000 0.000000 0.000000 0.998792 0.007989 0.000550 0.048490
268411.678685 0.000000 0.000000 0.000000 0.998792 0.007988 0.000548 0.048489
268414.163681 0.000000 0.000000 0.000000 0.998792 0.007990 0.000545 0.048487
268416.653677 0.000000 0.000000 0.000000 0.998792 0.007990 0.000545 0.048488
268419.138673 0.000000 0.000000 0.000000 0.998792 0.007989 0.000543 0.048487
268421.628669 0.000000 0.000000 0.000000 0.998792 0.007990 0.000543 0.048489
268424.113665 0.000000 0.000000 0.000000 0.998792 0.007990 0.000541 0.048488
268426.603661 0.000000 0.000000 0.000000 0.998792 0.007990 0.000536 0.048487
268429.088657 0.000000 0.000000 0.000000 0.998792 0.007990 0.000537 0.048486
268431.578653 0.000000 0.000000 0.000000 0.998792 0.007988 0.000540 0.048487
268434.063649 0.000000 0.000000 0.000000 0.998792 0.007986 0.000545 0.048487
268436.553646 0.000000 0.000000 0.000000 0.998792 0.007986 0.000552 0.048486
268439.038641 0.000000 0.000000 0.000000 0.998792 0.007984 0.000558 0.048486
268441.528638 0.000000 0.000000 0.000000 0.998792 0.007984 0.000569 0.048486
268444.013633 0.000000 0.000000 0.000000 0.998792 0.007984 0.000579 0.048489
268446.503630 0.000000 0.000000 0.000000 0.998792 0.007981 0.000586 0.048488
268448.993627 0.000000 0.000000 0.000000 0.998792 0.007981 0.000593 0.048487
268451.478622 0.000000 0.000000 0.000000 0.998792 0.007980 0.000601 0.048488
268453.968619 0.000000 0.000000 0.000000 0.998792 0.007978 0.000612 0.048490
268456.453615 0.000000 0.000000 0.000000 0.998792 0.007977 0.000623 0.048491
268458.943612 0.000000 0.000000 0.000000 0.998792 0.007978 0.000633 0.048492
268461.428607 0.000000 0.000000 0.000000 0.998792 0.007978 0.000641 0.048492
268463.918604 0.000000 0.000000 0.000000 0.998792 0.007976 0.000649 0.048492
268466.403600 0.000000 0.000000 0.000000 0.998792 0.007975 0.000659 0.048491
268468.893596 0.000000 0.000000 0.000000 0.998791 0.007978 0.000664 0.048492
268471.378592 0.000000 0.000000 0.000000 0.998792 0.007976 0.000668 0.048491
268473.868589 0.000000 0.000000 0.000000 0.998791 0.007976 0.000677 0.048493
268476.353585 0.000000 0.000000 0.000000 0.998791 0.007978 0.000685 0.048494
268478.843582 0.000000 0.000000 0.000000 0.998791 0.007980 0.000691 0.048496
268481.328577 0.000000 0.000000 0.000000 0.998791 0.007981 0.000697 0.048494
268483.818574 0.000000 0.000000 0.000000 0.998791 0.007983 0.000704 0.048496
268486.303570 0.000000 0.000000 0.000000 0.998791 0.007985 0.000710 0.048495
268488.793567 0.000000 0.000000 0.000000 0.998791 0.007989 0.000720 0.048498
268491.278562 0.000000 0.000000 0.000000 0.998791 0.007991 0.000722 0.048497
268493.768559 0.000000 0.000000 0.000000 0.998791 0.007991 0.000726 0.048496
268496.253555 0.000000 0.000000 0.000000 0.998791 0.007991 0.000729 0.048495
268498.743552 0.000000 0.000000 0.000000 0.998791 0.007991 0.000729 0.048496
268501.228548 0.000000 0.000000 0.000000 0.998791 0.007991 0.000727 0.048492
268503.718545 0.000000 0.000000 0.000000 0.998791 0.007994 0.000723 0.048489
268506.203540 0.000000 0.000000 0.000000 0.998792 0.007998 0.000720 0.048487
268508.693538 0.000000 0.000000 0.000000 0.998792 0.007999 0.000716 0.048484
268511.178533 0.000000 0.000000 0.000000 0.998792 0.007998 0.000716 0.048484
268513.668530 0.000000 0.000000 0.000000 0.998792 0.007999 0.000719 0.048482
268516.153526 0.000000 0.000000 0.000000 0.998792 0.007999 0.000721 0.048484
268518.643523 0.000000 0.000000 0.000000 0.998792 0.007999 0.000725 0.048484
268521.128519 0.000000 0.000000 0.000000 0.998792 0.008001 0.000732 0.048486
268523.618516 0.000000 0.000000 0.000000 0.998791 0.008005 0.000739 0.048489
268526.103512 0.000000 0.000000 0.000000 0.998791 0.008008 0.000745 0.048489
268528.593509 0.000000 0.000000 0.000000 0.998791 0.008008 0.000750 0.048488
268531.078505 0.000000 0.000000 0.000000 0.998791 0.008008 0.000754 0.048488
268533.568502 0.000000 0.000000 0.000000 0.998791 0.008009 0.000760 0.048490
268536.053497 0.000000 0.000000 0.000000 0.998791 0.008011 0.000764 0.048489
268538.543495 0.000000 0.000000 0.000000 0.998791 0.008011 0.000766 0.048486
268541.028490 0.000000 0.000000 0.000000 0.998792 0.008011 0.000770 0.048485
268543.518488 0.000000 0.000000 0.000000 0.998791 0.008011 0.000773 0.048487
268546.003483 0.000000 0.000000 0.000000 0.998791 0.008010 0.000775 0.048487
268548.493480 0.000000 0.000000 0.000000 0.998791 0.008009 0.000777 0.048486
268550.983478 0.000000 0.000000 0.000000 0.998791 0.008010 0.000780 0.048487
268553.468473 0.000000 0.000000 0.000000 0.998791 0.008010 0.000783 0.048488
268555.958471 0.000000 0.000000 0.000000 0.998791 0.008008 0.000785 0.048487
268558.443466 0.000000 0.000000 0.000000 0.998791 0.008009 0.000787 0.048487
268560.933464 0.000000 0.000000 0.000000 0.998791 0.008009 0.000788 0.048488
268563.418459 0.000000 0.000000 0.000000 0.998791 0.008009 0.000789 0.048487
268565.908457 0.000000 0.000000 0.000000 0.998791 0.008006 0.000791 0.048489
268568.393453 0.000000 0.000000 0.000000 0.998791 0.008007 0.000792 0.048490
268570.883450 0.000000 0.000000 0.000000 0.998791 0.008008 0.000793 0.048490
268573.368446 0.000000 0.000000 0.000000 0.998791 0.008009 0.000795 0.048489
268575.858443 0.000000 0.000000 0.000000 0.998791 0.008010 0.000797 0.048489
268578.343439 0.000000 0.000000 0.000000 0.998791 0.008010 0.000799 0.048490
268580.833436 0.000000 0.000000 0.000000 0.998791 0.008009 0.000799 0.048488
268583.318432 0.000000 0.000000 0.000000 0.998791 0.008009 0.000802 0.048490
268585.808429 0.000000 0.000000 0.000000 0.998791 0.008010 0.000801 0.048489
268588.293425 0.000000 0.000000 0.000000 0.998791 0.008009 0.000801 0.048490
268590.783422 0.000000 0.000000 0.000000 0.998791 0.008008 0.000802 0.048490
268593.268418 0.000000 0.000000 0.000000 0.998791 0.008007 0.000800 0.048491
268595.758415 0.000000 0.000000 0.000000 0.998791 0.008008 0.000798 0.048490
268598.243411 0.000000 0.000000 0.000000 0.998791 0.008006 0.000796 0.048490
268600.733408 0.000000 0.000000 0.000000 0.998791 0.008004 0.000795 0.048489
268603.218404 0.000000 0.000000 0.000000 0.998791 0.008003 0.000794 0.048490
268605.708402 0.000000 0.000000 0.000000 0.998791 0.008003 0.000794 0.048489
268608.193398 0.000000 0.000000 0.000000 0.998791 0.008001 0.000794 0.048487
268610.683395 0.000000 0.000000 0.000000 0.998791 0.007999 0.000796 0.048488
268613.168391 0.000000 0.000000 0.000000 0.998791 0.008001 0.000798 0.048487
268615.658388 0.000000 0.000000 0.000000 0.998791 0.008002 0.000800 0.048489
268618.143384 0.000000 0.000000 0.000000 0.998791 0.008003 0.000800 0.048487
268620.633381 0.000000 0.000000 0.000000 0.998791 0.008001 0.000801 0.048487
268623.118377 0.000000 0.000000 0.000000 0.998792 0.008003 0.000801 0.048485
268625.608375 0.000000 0.000000 0.000000 0.998792 0.008002 0.000802 0.048486
268628.093371 0.000000 0.000000 0.000000 0.998792 0.008002 0.000802 0.048484
268630.583368 0.000000 0.000000 0.000000 0.998792 0.008003 0.000804 0.048484
268633.068364 0.000000 0.000000 0.000000 0.998792 0.008005 0.000806 0.048484
268635.558361 0.000000 0.000000 0.000000 0.998791 0.008006 0.000808 0.048486
268638.043357 0.000000 0.000000 0.000000 0.998791 0.008005 0.000808 0.048486
268640.533355 0.000000 0.000000 0.000000 0.998791 0.008007 0.000811 0.048485
268643.018351 0.000000 0.000000 0.000000 0.998791 0.008008 0.000811 0.048486
268645.508348 0.000000 0.000000 0.000000 0.998791 0.008008 0.000812 0.048486
268647.998345 0.000000 0.000000 0.000000 0.998791 0.008008 0.000813 0.048485
268650.483341 0.000000 0.000000 0.000000 0.998791 0.008009 0.000814 0.048487
268652.973339 0.000000 0.000000 0.000000 0.998791 0.008010 0.000816 0.048487
268655.458335 0.000000 0.000000 0.000000 0.998791 0.008010 0.000817 0.048488
268657.948332 0.000000 0.000000 0.000000 0.998791 0.008012 0.000818 0.048487
268660.433328 0.000000 0.000000 0.000000 0.998791 0.008014 0.000819 0.048490
268662.923326 0.000000 0.000000 0.000000 0.998791 0.008016 0.000819 0.048489
268665.408322 0.000000 0.000000 0.000000 0.998791 0.008017 0.000820 0.048488
268667.898319 0.000000 0.000000 0.000000 0.998791 0.008019 0.000818 0.048487
268670.383315 0.000000 0.000000 0.000000 0.998791 0.008019 0.000817 0.048488
268672.873313 0.000000 0.000000 0.000000 0.998791 0.008018 0.000814 0.048487
268675.358309 0.000000 0.000000 0.000000 0.998791 0.008020 0.000811 0.048485
268677.848306 0.000000 0.000000 0.000000 0.998791 0.008021 0.000809 0.048485
268680.333302 0.000000 0.000000 0.000000 0.998791 0.008021 0.000808 0.048485
268682.823300 0.000000 0.000000 0.000000 0.998791 0.008020 0.000806 0.048484
268685.308296 0.000000 0.000000 0.000000 0.998792 0.008021 0.000803 0.048481
268687.798293 0.000000 0.000000 0.000000 0.998792 0.008024 0.000797 0.048481
268690.283289 0.000000 0.000000 0.000000 0.998792 0.008026 0.000793 0.048479
268692.773287 0.000000 0.000000 0.000000 0.998792 0.008024 0.000791 0.048478
268695.258283 0.000000 0.000000 0.000000 0.998792 0.008025 0.000790 0.048477
268697.748280 0.000000 0.000000 0.000000 0.998792 0.008025 0.000790 0.048478
268700.233277 0.000000 0.000000 0.000000 0.998792 0.008025 0.000791 0.048477
268702.723274 0.000000 0.000000 0.000000 0.998792 0.008026 0.000792 0.048477
268705.208270 0.000000 0.000000 0.000000 0.998792 0.008027 0.000793 0.048478
268707.698268 0.000000 0.000000 0.000000 0.998792 0.008026 0.000795 0.048478
268710.183264 0.000000 0.000000 0.000000 0.998792 0.008025 0.000797 0.048479
268712.673261 0.000000 0.000000 0.000000 0.998792 0.008026 0.000797 0.048478
268715.158257 0.000000 0.000000 0.000000 0.998792 0.008026 0.000799 0.048479
268717.648255 0.000000 0.000000 0.000000 0.998792 0.008026 0.000802 0.048479
268720.133251 0.000000 0.000000 0.000000 0.998792 0.008028 0.000803 0.048479
268722.623249 0.000000 0.000000 0.000000 0.998792 0.008030 0.000802 0.048480
268725.108245 0.000000 0.000000 0.000000 0.998791 0.008031 0.000804 0.048482
268727.598242 0.000000 0.000000 0.000000 0.998791 0.008029 0.000803 0.048482
268730.083239 0.000000 0.000000 0.000000 0.998791 0.008026 0.000798 0.048482
268732.573236 0.000000 0.000000 0.000000 0.998792 0.008027 0.000794 0.048480
268735.058232 0.000000 0.000000 0.000000 0.998792 0.008025 0.000789 0.048479
268737.548230 0.000000 0.000000 0.000000 0.998792 0.008021 0.000780 0.048478
268740.033226 0.000000 0.000000 0.000000 0.998792 0.008021 0.000775 0.048478
268742.523224 0.000000 0.000000 0.000000 0.998792 0.008020 0.000763 0.048477
268745.008220 0.000000 0.000000 0.000000 0.998792 0.008021 0.000759 0.048476
268747.498218 0.000000 0.000000 0.000000 0.998792 0.008019 0.000757 0.048476
268749.988215 0.000000 0.000000 0.000000 0.998792 0.008022 0.000763 0.048478
268752.473211 0.000000 0.000000 0.000000 0.998792 0.008021 0.000763 0.048477
268754.963209 0.000000 0.000000 0.000000 0.998792 0.008019 0.000763 0.048477
268757.448205 0.000000 0.000000 0.000000 0.998791 0.008028 0.000777 0.048484
268759.938203 0.000000 0.000000 0.000000 0.998792 0.008024 0.000769 0.048481
268762.423199 0.000000 0.000000 0.000000 0.998792 0.008023 0.000767 0.048481
268764.913197 0.000000 0.000000 0.000000 0.998792 0.008019 0.000764 0.048478
268767.398193 0.000000 0.000000 0.000000 0.998792 0.008014 0.000757 0.048477
268769.888191 0.000000 0.000000 0.000000 0.998792 0.008019 0.000754 0.048478
268772.373187 0.000000 0.000000 0.000000 0.998792 0.008014 0.000742 0.048471
268774.863185 0.000000 0.000000 0.000000 0.998792 0.008017 0.000745 0.048471
268777.348181 0.000000 0.000000 0.000000 0.998792 0.008010 0.000737 0.048471
268779.838179 0.000000 0.000000 0.000000 0.998792 0.008012 0.000742 0.048472
268782.323175 0.000000 0.000000 0.000000 0.998792 0.008007 0.000736 0.048475
268784.813173 0.000000 0.000000 0.000000 0.998792 0.008007 0.000732 0.048468
268787.298169 0.000000 0.000000 0.000000 0.998792 0.008015 0.000741 0.048469
268789.788167 0.000000 0.000000 0.000000 0.998792 0.008013 0.000741 0.048467
268792.273163 0.000000 0.000000 0.000000 0.998792 0.008010 0.000742 0.048467
268794.763161 0.000000 0.000000 0.000000 0.998792 0.008013 0.000744 0.048468
268797.248157 0.000000 0.000000 0.000000 0.998792 0.008010 0.000742 0.048465
268799.738155 0.000000 0.000000 0.000000 0.998793 0.008005 0.000738 0.048465
268802.223151 0.000000 0.000000 0.000000 0.998793 0.008005 0.000736 0.048463
268804.713149 0.000000 0.000000 0.000000 0.998793 0.008005 0.000735 0.048462
268807.198145 0.000000 0.000000 0.000000 0.998793 0.008004 0.000730 0.048462
268809.688143 0.000000 0.000000 0.000000 0.998792 0.008001 0.000728 0.048471
268812.173139 0.000000 0.000000 0.000000 0.998792 0.007997 0.000719 0.048467
268814.663137 0.000000 0.000000 0.000000 0.998793 0.008000 0.000718 0.048461
268817.148134 0.000000 0.000000 0.000000 0.998793 0.007997 0.000719 0.048456
268819.638131 0.000000 0.000000 0.000000 0.998792 0.007995 0.000722 0.048471
268822.123128 0.000000 0.000000 0.000000 0.998793 0.007994 0.000718 0.048456
268824.613125 0.000000 0.000000 0.000000 0.998793 0.007996 0.000721 0.048460
268827.098122 0.000000 0.000000 0.000000 0.998793 0.007997 0.000727 0.048462
268829.588120 0.000000 0.000000 0.000000 0.998793 0.007993 0.000728 0.048463
268832.073116 0.000000 0.000000 0.000000 0.998793 0.007997 0.000728 0.048460
268834.563114 0.000000 0.000000 0.000000 0.998793 0.007998 0.000729 0.048463
268837.048110 0.000000 0.000000 0.000000 0.998793 0.007997 0.000733 0.048461
268839.538108 0.000000 0.000000 0.000000 0.998793 0.008000 0.000742 0.048464
268842.023105 0.000000 0.000000 0.000000 0.998793 0.008004 0.000744 0.048466
268844.513102 0.000000 0.000000 0.000000 0.998792 0.008006 0.000749 0.048465
268847.000000 -0.000054 -0.000789 0.000738 0.998792 0.008014 0.000790 0.048475
268849.488097 0.036209 -0.050950 0.822500 0.999862 0.007095 0.003226 0.014656
268851.978094 0.097438 -0.205328 1.267443 0.999884 -0.003943 0.002737 -0.014450
268854.463091 0.188398 -0.152605 1.384115 0.998190 -0.039436 0.045266 -0.003483
268856.953089 0.178023 -0.144884 1.387434 0.998508 -0.034120 0.042631 0.000058
268859.438086 0.170184 -0.174109 1.385454 0.999480 -0.014684 0.026266 0.011558
268861.928083 0.186677 -0.207364 1.375740 0.998501 -0.014448 0.029521 0.043773
268864.413080 0.226253 -0.156404 1.375420 0.998275 -0.038873 0.043556 0.006285
268866.903077 0.181526 0.133288 1.406126 0.998083 -0.043964 0.043063 0.006598
268869.388074 0.261977 2.482747 1.422212 0.998533 -0.037696 0.038646 0.004074
268871.878072 0.145754 5.963127 1.446427 0.999651 -0.011047 0.021449 0.010786
268874.363069 0.051641 10.352666 1.436872 0.996449 -0.062723 0.045048 0.033567
268876.853066 -0.199746 14.968869 1.469692 0.998543 -0.027718 0.003854 0.046131
268879.338063 -0.714610 19.241905 1.438760 0.942391 -0.030374 -0.004895 0.333096
268881.828061 -3.694078 20.957621 1.480425 0.597254 -0.007300 -0.022984 0.801689
268884.313057 -7.199500 18.905904 1.475559 0.330199 0.012746 -0.010164 0.943770
268886.803055 -9.775868 15.583739 1.452644 0.240817 -0.039291 -0.000333 0.969775
268889.288052 -11.617481 11.662692 1.441669 0.138171 -0.047747 0.002707 0.989253
268891.778050 -12.870901 7.189257 1.440148 0.115669 -0.041164 -0.028358 0.992029
268894.263047 -13.287757 2.041415 1.425367 -0.017997 -0.043071 -0.059924 0.997111
268896.753044 -12.822153 -2.846177 1.405115 -0.188804 -0.031692 -0.038328 0.980755
268899.238041 -10.803686 -6.815067 1.394051 -0.455649 -0.025703 -0.052719 0.888225
268901.728039 -7.012488 -8.705442 1.372904 0.704790 -0.023522 0.070439 -0.705518
268904.213036 -3.074301 -8.319680 1.377031 0.865439 0.033645 0.028292 -0.499082
268906.703033 -1.541523 -5.214669 1.366369 0.945584 -0.073971 -0.000921 0.316856
268909.188030 -4.066930 -2.602663 1.401510 0.866502 -0.054296 0.033021 0.495112
268911.678028 -7.334595 -0.302017 1.387832 0.897141 -0.059077 0.013988 0.437552
268914.163025 -9.403361 2.972196 1.441805 0.993678 -0.027401 0.025506 0.105843
268916.653023 -9.621717 6.820640 1.434058 0.988981 -0.031312 0.035842 -0.140187
268919.138020 -7.230911 9.482287 1.449084 0.859849 0.000918 0.052430 -0.507849
268921.628017 -3.544776 10.007668 1.444102 0.604411 -0.007012 0.041303 -0.795570
268924.113014 -0.276221 8.060476 1.429122 -0.288255 -0.044794 -0.036339 0.955815
268926.603012 1.144526 4.513341 1.435095 -0.089354 -0.020372 -0.049752 0.994548
268929.088009 1.437567 0.816258 1.397806 0.001994 -0.029805 -0.015416 0.999435
268931.578007 1.346381 -2.503213 1.379318 0.045388 -0.045088 -0.024429 0.997652
268934.063004 1.717145 -5.169474 1.395048 -0.167305 -0.044816 -0.037676 0.984165
268936.553002 1.813894 -8.120887 1.357855 0.049307 -0.042919 -0.055139 0.996337
268939.037998 0.985322 -11.291781 1.332860 0.085732 -0.037521 -0.053451 0.994176
268941.527996 0.326372 -13.520804 0.812966 0.027321 -0.045599 -0.016547 0.998449
268944.012993 0.197405 -16.069305 0.489207 0.067912 -0.014771 -0.014308 0.997479
268946.502991 -0.004689 -18.602403 0.463058 0.081530 -0.051458 -0.007026 0.995317
268948.992989 -0.463157 -21.272467 0.451819 0.093242 -0.081711 -0.020043 0.992082
268951.477986 -1.244826 -23.807385 0.432693 0.114716 -0.060150 0.007215 0.991549
268953.967984 -1.376275 -26.075816 0.436945 0.034318 -0.065414 -0.007234 0.997242
268956.452980 -1.503694 -28.743974 0.429182 0.000534 -0.029104 0.008185 0.999543
268958.942978 -1.444943 -31.262290 0.428357 -0.254730 -0.024573 -0.008577 0.966662
268961.427975 0.301139 -32.204936 0.412880 -0.259706 -0.058415 -0.053886 0.962412
268963.917973 1.202185 -33.940783 0.420447 0.033598 -0.062247 0.005257 0.997481
268966.402970 1.050344 -36.472307 0.425425 0.103543 0.033572 -0.014183 0.993957
268968.892968 0.275833 -38.719000 0.399569 0.201251 0.037923 -0.013538 0.978712
268971.377965 -1.730238 -40.665206 0.389489 0.391238 0.019092 -0.008947 0.920048
268973.867963 -4.474394 -41.982049 0.378627 0.308868 0.007323 -0.010531 0.951018
268976.352960 -6.364281 -44.260335 0.376393 -0.025379 0.001547 -0.069610 0.997250
268978.842957 -6.465024 -47.149152 0.342315 -0.077882 0.012307 -0.026606 0.996531
268981.327954 -6.633924 -49.471057 -0.020509 -0.128239 0.028522 0.038024 0.990604
268983.817952 -6.095493 -52.310014 -0.072026 -0.262224 0.013583 0.019942 0.964705
268986.302949 -4.717541 -55.152070 -0.179711 -0.148726 0.027258 -0.009017 0.988462
268988.792947 -3.426861 -58.071520 -0.261426 -0.160916 0.041735 -0.017957 0.985922
268991.277944 -2.337966 -61.019311 -0.356087 -0.126812 0.001657 0.012892 0.991842
268993.767942 -1.396460 -64.084300 -0.471931 -0.127511 0.005790 0.029021 0.991396
268996.252939 -0.293741 -67.078990 -0.582473 -0.056366 0.023636 0.016314 0.997997
268998.742937 0.237699 -70.535467 -0.672490 0.067558 0.012727 0.025360 0.997312
269001.227934 -0.007586 -73.745127 -0.729642 0.121226 0.034468 0.002261 0.992024
269003.717932 -0.014705 -76.965311 -0.826108 0.085371 0.012521 0.021465 0.996039
269006.202928 -0.098584 -80.252368 -0.946926 0.106333 -0.004617 0.017790 0.994161
269008.692926 -0.287910 -83.471400 -1.038087 0.091541 -0.011999 0.010859 0.995670
269011.177923 -0.286250 -85.828522 -1.058104 0.054433 0.004069 0.000820 0.998509
269013.667921 -0.234593 -88.336290 -1.101690 0.208505 0.034969 0.015506 0.977273
269016.152918 -1.828030 -90.367665 -1.218874 0.461445 -0.011687 0.012964 0.886997
269018.642916 -3.914172 -92.084357 -1.258977 0.375498 0.016952 -0.016607 0.926519
269021.127913 -5.571318 -94.227538 -1.347200 0.465981 0.014987 0.018302 0.884478
269023.617911 -7.550060 -96.240374 -1.364730 0.469959 -0.005415 0.014332 0.882555
269026.102908 -9.517761 -98.375757 -1.414601 0.485295 0.001082 0.010969 0.874281
269028.592906 -11.754112 -99.900787 -1.437604 0.628514 0.010290 -0.013430 0.777614
269031.077903 -14.420576 -100.757906 -1.499549 0.729782 -0.004369 0.018581 0.683414
269033.567901 -17.377823 -100.556790 -1.445768 0.814308 -0.008294 0.033426 0.579410
269036.052898 -20.168813 -99.494470 -1.321619 0.849395 0.017028 0.025887 0.526847
269038.542895 -22.288430 -98.350460 -1.318902 0.819957 0.010940 0.016449 0.572083
269041.027892 -23.692675 -98.125004 -1.308141 0.848435 -0.001553 0.023281 0.528785
269043.517890 -25.289194 -98.226717 -1.328145 0.851970 -0.010689 0.049516 0.521134
269046.002887 -27.869317 -97.306848 -1.312583 0.858364 0.017519 0.037592 0.511362
269048.492885 -30.803533 -96.309845 -1.311395 0.836541 0.027623 0.045793 0.545289
269050.982883 -33.871671 -95.697317 -1.315766 0.796227 -0.023167 0.024352 0.604063
269053.467880 -36.939875 -94.992922 -1.244464 0.862603 -0.012908 0.041614 0.504002
269055.957878 -40.066058 -93.639853 -1.228956 0.870071 -0.024043 0.004585 0.492319
269058.442875 -43.172039 -92.322286 -1.237357 0.850301 -0.004611 0.010840 0.526165
269060.932873 -46.454232 -91.107738 -1.236927 0.847452 -0.040604 0.004041 0.529301
269063.417870 -49.536018 -89.572104 -1.222288 0.861661 -0.029379 0.026111 0.505959
269065.907868 -52.682057 -88.439717 -1.243806 0.839271 -0.029190 0.019705 0.542572
269068.392865 -55.937885 -87.231616 -1.281629 0.825828 -0.044848 0.014780 0.561942
269070.882863 -59.039596 -85.884297 -1.295661 0.830812 -0.035910 0.009547 0.555311
269073.367859 -62.277245 -84.819930 -1.313563 0.857437 -0.051345 0.026048 0.511359
269075.857857 -65.352848 -83.445931 -1.324201 0.872213 -0.029360 0.053589 0.485295
269078.342854 -68.488705 -82.141822 -1.300348 0.857356 -0.026147 0.057280 0.510859
269080.832852 -71.528062 -80.698610 -1.320802 0.862025 -0.021290 0.017777 0.506107
269083.317849 -74.515149 -79.274351 -1.359206 0.851330 -0.043781 0.047360 0.520651
269085.807847 -77.509618 -78.113507 -1.338206 0.831430 -0.058596 0.010566 0.552431
269088.292844 -80.710490 -77.310969 -1.332791 0.785090 -0.037524 0.028502 0.617586
269090.782842 -83.938932 -76.771111 -1.366630 0.850857 -0.014807 0.027470 0.524469
269093.267839 -87.171118 -75.731792 -1.403213 0.862385 -0.033628 0.038122 0.503694
269095.757837 -90.384358 -74.697355 -1.386610 0.842312 -0.031509 0.018362 0.537755
269098.242834 -93.792840 -73.737055 -1.397199 0.831759 -0.056134 0.030497 0.551448
269100.732832 -97.227528 -72.919836 -1.413821 0.853233 -0.031541 0.061646 0.516912
269103.217829 -100.743232 -71.970990 -1.416921 0.838100 -0.060691 0.017671 0.541842
269105.707827 -104.464492 -70.675866 -1.447899 0.847876 -0.048614 0.005887 0.527928
269108.192823 -108.487196 -69.110694 -1.421874 0.837329 -0.036567 0.036750 0.544236
269110.682821 -112.627338 -67.468127 -1.468256 0.860210 -0.056954 0.042443 0.504969
269113.167818 -116.621248 -65.992965 -1.491143 0.852268 -0.041424 0.021076 0.521036
269115.657816 -120.657224 -64.504889 -1.502233 0.838000 -0.035436 0.043419 0.542784
269118.142813 -124.716529 -63.333811 -1.542016 0.824192 -0.053705 0.050896 0.561456
269120.632811 -128.129743 -62.205896 -1.572670 0.864674 -0.043464 0.013181 0.500276
269123.117808 -131.175655 -60.504706 -1.534366 0.860172 -0.020834 -0.024928 0.508969
269125.607806 -134.307288 -59.200523 -1.527671 0.883064 -0.024873 0.002147 0.468588
269128.092803 -137.517413 -58.003813 -1.533288 0.870915 -0.028021 0.009492 0.490542
269130.582801 -140.868246 -56.621368 -1.561858 0.872046 -0.031253 0.014186 0.488220
269133.067798 -144.155623 -55.363847 -1.559433 0.857484 -0.036662 0.018400 0.512872
269135.557796 -147.667230 -54.279206 -1.570885 0.861548 -0.037412 0.025799 0.505637
269138.042793 -151.160147 -53.103196 -1.550863 0.873853 -0.006303 -0.002257 0.486144
269140.532791 -154.567045 -51.924529 -1.533866 0.855084 -0.022204 0.016006 0.517767
269143.017788 -157.818853 -50.751648 -1.530558 0.859080 -0.015105 0.022847 0.511108
269145.507785 -160.975724 -49.361689 -1.524795 0.866149 -0.027269 0.024657 0.498431
269147.997783 -164.011550 -47.874814 -1.540238 0.863768 -0.047833 0.018401 0.501277
269150.482780 -167.067916 -46.521143 -1.578864 0.834628 -0.058856 0.010120 0.547567
269152.972778 -170.194008 -45.637644 -1.615563 0.825335 -0.035431 0.045338 0.561703
269155.457775 -173.191222 -45.001933 -1.648104 0.870916 -0.038211 -0.014084 0.489741
269157.947773 -175.666600 -43.993938 -1.648926 0.875014 -0.005006 0.017639 0.483750
269160.432770 -176.154025 -43.800995 -1.648953 0.889623 0.017011 0.031478 0.455292
269162.922768 -177.928542 -43.074953 -1.634771 0.841435 -0.029413 -0.025842 0.538938
269165.407765 -182.181789 -41.795479 -1.675541 0.856832 -0.057272 0.037230 0.511051
269167.897763 -186.336593 -40.377181 -1.649674 0.832633 -0.037537 0.005126 0.552529
269170.382760 -190.109385 -39.149974 -1.659632 0.834391 -0.063202 0.002095 0.547533
269172.872758 -194.088798 -38.086940 -1.622808 0.831554 -0.067438 0.044415 0.549543
269175.357755 -197.869115 -36.902680 -1.515820 0.823593 -0.052303 -0.026478 0.564144
269177.847753 -201.543329 -35.519075 -1.513422 0.858606 -0.005601 0.015865 0.512360
269180.332750 -205.263436 -34.501478 -1.525683 0.868145 -0.007269 0.009054 0.496174
269182.822748 -208.952251 -33.194862 -1.488997 0.856013 -0.047290 0.044885 0.512827
269185.307745 -212.617354 -31.905099 -1.459376 0.856075 -0.050198 0.014443 0.514206
269187.797743 -216.321707 -30.664589 -1.467061 0.833746 -0.024537 -0.003739 0.551589
269190.282740 -219.993227 -29.554023 -1.459155 0.838766 -0.040409 0.030862 0.542113
269192.772738 -223.683570 -28.366343 -1.481788 0.854642 -0.037348 0.021759 0.517415
269195.257735 -227.121412 -27.260329 -1.473602 0.875974 -0.028758 -0.005282 0.481471
269197.747733 -230.679829 -26.096360 -1.489268 0.858463 -0.034817 -0.006019 0.511658
269200.232730 -234.169118 -24.812570 -1.463427 0.864184 -0.035422 0.007700 0.501869
269202.722728 -237.576383 -23.482849 -1.421386 0.861694 -0.047723 0.018211 0.504851
269205.207725 -240.958929 -22.308905 -1.419338 0.877908 -0.050161 0.014216 0.475983
269207.697723 -244.358920 -21.167604 -1.437068 0.856598 -0.020636 0.011855 0.515434
269210.182720 -247.790980 -19.972674 -1.429861 0.850983 -0.020591 -0.004525 0.524769
269212.672718 -251.305617 -18.706168 -1.406065 0.847707 -0.055478 -0.018861 0.527218
269215.157715 -254.832431 -17.430534 -1.381503 0.844721 -0.028664 0.010304 0.534339
269217.647713 -258.303344 -16.345468 -1.377052 0.853491 -0.022785 0.016602 0.520344
269220.132710 -261.822795 -15.093927 -1.355500 0.843576 -0.047217 -0.030617 0.534054
269222.622708 -265.370261 -13.746826 -1.363527 0.864509 -0.035966 -0.002657 0.501322
269225.107705 -269.179496 -12.463423 -1.363035 0.874834 -0.040378 0.030240 0.481790
269227.597703 -272.773955 -10.970620 -1.320519 0.895795 -0.039769 0.006973 0.442630
269230.082701 -276.306448 -9.420078 -1.336322 0.958626 -0.017804 0.039119 0.281404
269232.572698 -280.042185 -7.862777 -1.357719 0.844235 -0.061084 0.032859 0.531467
269235.057696 -283.714380 -6.431402 -1.318661 0.865402 -0.053447 -0.016591 0.497944
269237.547694 -287.080380 -5.166656 -1.327882 0.806375 -0.054685 -0.016310 0.588645
269240.032691 -290.676716 -4.151793 -1.339190 0.841669 -0.057684 0.024824 0.536329
269242.522689 -294.505795 -2.487801 -1.290232 0.841883 -0.038869 -0.005292 0.538232
269245.007686 -298.711998 -0.763206 -1.313551 0.877872 -0.056055 0.016281 0.475324
269247.497684 -303.389267 1.089121 -1.321771 0.901119 -0.061911 0.023579 0.428481
269249.987682 -307.752216 2.743523 -1.330529 0.876737 -0.073398 -0.003889 0.475320
269252.472679 -311.428170 4.231411 -1.359189 0.835906 -0.046566 0.036105 0.545701
269254.962677 -314.956849 5.583561 -1.356773 0.808873 -0.004376 -0.007397 0.587921
269257.447674 -318.392103 6.877972 -1.370954 0.815066 -0.052778 0.039546 0.575602
269259.937672 -321.625368 7.844412 -1.330697 0.808033 0.031223 -0.068331 0.584328
269262.422669 -324.760210 8.983697 -1.334821 0.826578 -0.017076 -0.031555 0.561678
269264.912667 -328.105642 10.042450 -1.320144 0.855776 0.020237 -0.042963 0.515162
269267.397664 -331.755733 10.937279 -1.350599 0.780008 0.007608 -0.028885 0.625056
269269.887662 -335.360632 11.532508 -1.338732 0.819051 -0.000531 -0.000967 0.573720
269272.372659 -338.736604 12.757069 -1.333881 0.869600 -0.013635 -0.009348 0.493480
269274.862657 -341.537077 14.522258 -1.346574 0.898643 -0.018615 -0.003803 0.438269
269277.347654 -344.174615 16.529145 -1.451070 0.854767 -0.041153 -0.012570 0.517226
269279.837652 -347.437423 17.961155 -1.484254 0.819849 0.005644 0.011081 0.572444
269282.322649 -350.954301 18.518309 -1.483969 0.727029 -0.014046 0.017011 0.686252
269284.812647 -354.348687 19.010674 -1.486599 0.740089 -0.031887 0.037906 0.670682
269287.297644 -357.597591 19.257488 -1.458549 0.719474 -0.052357 -0.018307 0.692301
269289.787642 -360.941187 19.200484 -1.425633 0.713845 -0.041064 -0.001257 0.699097
269292.272639 -364.530529 19.278461 -1.450007 0.710260 -0.018845 0.010374 0.703611
269294.762637 -368.183056 19.536476 -1.427440 0.752159 -0.026945 0.011252 0.658335
269297.247635 -371.761248 20.116001 -1.396336 0.807723 -0.027693 -0.012298 0.588783
269299.737633 -375.067363 21.400595 -1.214570 0.837527 -0.033898 0.024382 0.544798
269302.222630 -378.282766 22.813474 -1.200658 0.816164 -0.037210 0.022573 0.576178
269304.712628 -381.535574 23.830551 -1.200276 0.767706 -0.056623 -0.017603 0.638053
269307.197625 -384.868043 24.768838 -1.183870 0.794021 -0.021869 -0.005422 0.607472
269309.687623 -388.139748 25.876549 -1.167622 0.836578 -0.021248 -0.000854 0.547436
269312.172620 -391.348731 26.986236 -1.157765 0.772828 -0.019763 0.001721 0.634305
269314.662618 -394.854440 27.977516 -1.176198 0.764605 0.006277 -0.038160 0.643338
269317.147615 -398.470446 28.909724 -1.216834 0.771223 0.000301 0.001993 0.636562
269319.637613 -401.982483 30.162748 -1.195752 0.770629 -0.028697 -0.010851 0.636545
269322.122610 -404.664906 31.565038 -1.146037 0.714196 -0.023905 -0.025368 0.699077
269324.612608 -407.726668 32.547365 -1.111508 0.775339 -0.027140 -0.018633 0.630686
269327.097605 -410.938548 33.594223 -1.070496 0.779537 -0.011251 0.004408 0.626240
269329.587603 -414.345034 34.682435 -1.046432 0.774697 -0.024749 -0.020358 0.631520
269332.072600 -417.895046 35.851803 -1.023106 0.774767 -0.026363 -0.008037 0.631646
269334.562598 -421.224330 37.061272 -1.000105 0.778749 -0.045621 -0.007545 0.625629
269337.047595 -424.866295 37.975244 -0.963711 0.754912 -0.041820 -0.033288 0.653644
269339.537593 -428.594600 39.096041 -0.948422 0.789025 -0.012620 -0.001581 0.614229
269342.022590 -432.103615 40.327558 -0.946797 0.763273 -0.006342 -0.015681 0.645854
269344.512588 -435.665674 41.367420 -0.969374 0.761696 -0.009526 -0.007455 0.647821
269347.000000 -439.126304 42.640445 -0.960243 0.733012 -0.018791 -0.035307 0.679039
269349.487583 -442.491921 43.955936 -0.950211 0.725805 -0.006856 -0.043178 0.686509
269351.977581 -445.849537 45.154010 -0.968489 0.753760 -0.012929 -0.014819 0.656856
269354.462578 -448.934311 46.362106 -0.952156 0.754205 -0.014650 -0.042410 0.655104
269356.952576 -452.125056 47.638681 -0.936262 0.824727 -0.039971 -0.032922 0.563156
269359.437573 -455.369359 49.116204 -0.929630 0.783296 -0.043556 -0.022128 0.619727
269361.927571 -458.519456 50.804689 -0.934294 0.818332 -0.041554 -0.016552 0.573003
269364.412568 -461.943883 52.315812 -0.951654 0.761538 -0.003767 0.001483 0.648108
269366.902566 -465.465499 53.644116 -0.991352 0.773127 -0.017996 -0.000404 0.633996
269369.387563 -469.060203 54.835963 -1.027823 0.798213 -0.005391 -0.020869 0.601990
269371.877562 -472.632797 56.126676 -1.078779 0.707657 -0.023986 0.000772 0.706149
269374.362559 -476.114976 57.257587 -1.102902 0.786427 -0.017385 -0.003979 0.617426
269376.852557 -479.543656 58.482076 -1.130431 0.767444 -0.010957 -0.033148 0.640165
269379.337554 -482.984425 59.460150 -1.182946 0.766847 0.017413 -0.038858 0.640416
269381.827552 -486.385580 60.610789 -1.197728 0.763634 0.019911 -0.053661 0.643108
269384.312549 -489.666022 61.868664 -1.235649 0.805859 0.015008 -0.030507 0.591130
269386.802547 -492.955532 63.260456 -1.264017 0.747020 0.029114 -0.039062 0.663014
269389.287544 -496.247087 64.496156 -1.321446 0.763714 -0.019075 -0.041726 0.643922
269391.777542 -499.524660 65.664645 -1.337695 0.719901 0.042671 -0.044942 0.691304
269394.262539 -502.742286 66.864643 -1.382930 0.730630 0.006934 -0.037556 0.681705
269396.752537 -506.102093 67.899864 -1.428510 0.705078 0.013157 -0.026697 0.708505
269399.237534 -509.529783 68.977536 -1.492715 0.725744 -0.007143 -0.023711 0.687519
269401.727532 -512.899116 70.070252 -1.546733 0.740053 0.002265 -0.018566 0.672289
269404.212529 -516.221131 71.198301 -1.588549 0.752179 0.022085 -0.041962 0.657251
269406.702527 -519.520963 72.342570 -1.637193 0.752133 0.029629 -0.045203 0.656791
269409.187524 -522.549540 73.378722 -1.668826 0.772671 0.030260 -0.039931 0.632826
269411.677522 -524.751337 74.319882 -1.675981 0.747472 0.020744 -0.052650 0.661878
269414.162519 -527.753953 75.126511 -1.700770 0.773467 0.041688 -0.037505 0.631351
269416.652517 -531.033949 76.023957 -1.765596 0.781077 0.026096 -0.028220 0.623251
269419.137514 -533.704791 77.150378 -1.795432 0.774819 0.002090 -0.043148 0.630706
269421.627512 -536.475472 78.093055 -1.800412 0.843181 -0.005378 -0.045317 0.535690
269424.112509 -538.478298 79.312112 -1.815656 0.941989 0.001389 -0.056699 0.330818
269426.602507 -539.070672 81.277451 -1.635687 0.987133 -0.000789 -0.027011 0.157602
269429.087504 -539.205472 82.888021 -0.966419 0.995589 0.002349 -0.028271 0.089430
269431.577502 -538.821550 85.091756 -0.655565 0.982239 0.007951 -0.067763 -0.174792
269434.062499 -537.034349 86.744178 -0.597128 0.859511 -0.025367 -0.050861 -0.507947
269436.552497 -534.423959 87.195873 -0.580168 0.743756 -0.049223 -0.009882 -0.666563
269439.037494 -531.304508 86.997136 -0.540141 0.681955 -0.013740 -0.036083 -0.730374
269441.527492 -527.800338 86.515293 -0.534066 0.691097 -0.026664 -0.011332 -0.722181
269444.012489 -524.313046 85.849903 -0.523834 0.654617 -0.019768 -0.023606 -0.755333
269446.502487 -520.957800 85.049734 -0.512488 0.660973 -0.042566 -0.051700 -0.747415
269448.992485 -517.518082 84.133455 -0.502326 0.662837 -0.010520 -0.022471 -0.748352
269451.477482 -514.346387 83.272747 -0.516651 0.602663 -0.025541 -0.043558 -0.796397
269453.967480 -511.080501 82.417422 -0.513272 0.650370 -0.021369 -0.037229 -0.758404
269456.452477 -507.689998 81.463889 -0.506396 0.625458 -0.034803 -0.019272 -0.779243
269458.942475 -504.311073 80.385740 -0.506685 0.663096 -0.031659 -0.019388 -0.747613
269461.427472 -500.843508 79.549052 -0.483618 0.659946 -0.050869 -0.025342 -0.749161
269463.917470 -497.387775 78.611840 -0.483283 0.675825 -0.054374 -0.028418 -0.734505
269466.402467 -493.970194 77.622539 -0.459949 0.637325 -0.032024 -0.014134 -0.769800
269468.892465 -490.574831 76.648061 -0.454911 0.627591 -0.028945 0.005059 -0.777988
269471.377462 -487.189557 75.636073 -0.434664 0.658576 -0.022618 -0.004492 -0.752161
269473.867460 -483.707749 74.597378 -0.439363 0.640662 -0.022657 0.017634 -0.767286
269476.352457 -480.332984 73.428857 -0.426321 0.651302 -0.031885 -0.006507 -0.758120
269478.842455 -476.964712 72.350352 -0.422709 0.637180 -0.008312 0.001542 -0.770669
269481.327452 -473.630243 71.156977 -0.405842 0.684441 -0.035921 -0.041674 -0.726990
269483.817450 -470.231191 70.099450 -0.403587 0.666858 -0.038690 -0.019676 -0.743919
269486.302447 -466.730115 69.037886 -0.412188 0.622748 -0.032358 -0.016758 -0.781573
269488.792445 -463.152176 67.883080 -0.426023 0.628023 -0.025444 0.015180 -0.777631
269491.277442 -459.569236 66.876217 -0.422567 0.657582 -0.036936 -0.008309 -0.752431
269493.767440 -456.060914 65.614994 -0.433210 0.645776 -0.031470 -0.018949 -0.762642
269496.252437 -452.527365 64.506986 -0.442278 0.620440 -0.044383 -0.011314 -0.782915
269498.742435 -449.092737 63.250727 -0.462738 0.614840 -0.072741 0.010074 -0.785225
269501.227432 -445.660494 62.110837 -0.467932 0.666959 -0.045637 -0.008456 -0.743648
269503.717430 -442.374948 60.959405 -0.476419 0.636265 -0.034064 -0.005305 -0.770700
269506.202427 -439.040220 59.607754 -0.488291 0.634108 -0.030787 -0.006639 -0.772603
269508.692425 -435.728857 58.171830 -0.499789 0.631406 -0.035928 0.013660 -0.774499
269511.177422 -432.655198 56.702237 -0.498925 0.663734 -0.088198 -0.032033 -0.742060
269513.667420 -429.439509 55.382786 -0.511764 0.655025 -0.036339 -0.006574 -0.754705
269516.152417 -426.142959 54.195635 -0.515456 0.650291 -0.044805 -0.018069 -0.758148
269518.642415 -422.887251 52.748239 -0.540294 0.633023 -0.033444 -0.004226 -0.773399
269521.127412 -419.595167 51.440374 -0.544117 0.643221 -0.052365 -0.018082 -0.763674
269523.617410 -416.179339 50.314349 -0.572563 0.623636 -0.001573 -0.010282 -0.781646
269526.102407 -412.662220 49.214983 -0.581678 0.642672 -0.034908 0.000843 -0.765345
269528.592405 -409.233632 48.225400 -0.595658 0.648315 -0.034043 -0.017829 -0.760401
269531.077402 -405.796674 47.067050 -0.612001 0.638559 -0.041231 -0.010872 -0.768391
269533.567400 -402.391160 45.902255 -0.619490 0.625787 -0.049862 0.002601 -0.778394
269536.052397 -399.123476 44.665409 -0.624203 0.655107 -0.063455 -0.025578 -0.752432
269538.542395 -395.694884 43.803852 -0.652845 0.649954 -0.046770 -0.018026 -0.758319
269541.027392 -392.382427 42.637556 -0.667474 0.664344 -0.042209 -0.021860 -0.745914
269543.517390 -389.058259 41.592749 -0.685784 0.683329 -0.034022 -0.016224 -0.729137
269546.002387 -386.024186 40.382266 -0.700698 0.615198 -0.049800 0.013798 -0.786677
269548.492385 -383.566750 38.533096 -0.697214 -0.391076 0.038568 -0.021984 0.919287
269550.982383 -381.671424 36.057426 -0.737769 -0.404697 0.050508 -0.005756 0.913037
269553.467380 -378.840104 33.925949 -0.759527 0.746439 -0.075002 0.004312 -0.661199
269555.957378 -375.286333 35.061176 -0.758994 0.968449 -0.049925 -0.023019 -0.243074
269558.442375 -375.088244 38.379336 -0.733567 0.907183 -0.045502 -0.060370 0.413890
269560.932373 -378.594307 39.368351 -0.729696 0.634650 -0.006400 -0.045518 0.771432
269563.417370 -381.576705 38.513213 -0.701130 0.222234 0.056886 -0.080450 0.970002
269565.907368 -381.841840 35.311028 -0.758680 -0.409781 0.047843 -0.021480 0.910675
269568.392365 -378.240922 34.092310 -0.780231 0.815148 -0.050663 0.007692 -0.576982
269570.882363 -376.252347 36.775626 -0.752058 0.988398 -0.046425 -0.051686 0.135068
269573.367360 -378.708229 38.446821 -0.726827 0.483635 0.018502 -0.104070 0.868864
269575.857358 -381.879792 36.588484 -0.771164 0.548439 0.017615 -0.032245 0.835383
269578.342355 -384.694886 38.053203 -0.757711 0.969548 -0.031858 -0.021489 0.241867
269580.832353 -383.050730 40.575318 -0.708415 0.829079 -0.001420 0.003828 -0.559117
269583.317350 -380.181633 39.229987 -0.726145 -0.322636 -0.001970 -0.035795 0.945844
269585.807348 -378.183678 36.467298 -0.742548 0.545716 -0.024463 0.025309 -0.837230
269588.292345 -374.916797 36.018114 -0.723764 0.926630 -0.030565 0.001663 -0.374727
269590.782343 -374.634053 39.045048 -0.700438 0.862370 -0.027415 -0.021958 0.505058
269593.267340 -377.717093 39.394977 -0.661222 0.471797 0.035146 -0.031892 0.880429
269595.757338 -379.340800 38.490354 -0.664115 0.477776 0.046229 -0.008527 0.877223
269598.242335 -379.443922 38.429798 -0.667914 0.451592 0.032169 -0.014145 0.891532
269600.732333 -379.421523 38.494882 -0.667463 0.461145 0.043660 0.011746 0.886172
269603.217330 -379.475331 38.541475 -0.662696 0.473401 0.011043 0.009107 0.880731
269605.707328 -379.561837 38.578896 -0.953452 0.480394 -0.008289 -0.012107 0.876930
269608.192326 -379.537462 38.495828 -2.044187 0.411902 0.008962 -0.001717 0.911183
269610.682323 -379.537365 38.497312 -2.043946 0.411950 0.008933 -0.001671 0.911161
269613.167320 -379.537365 38.497312 -2.043946 0.411945 0.008921 -0.001660 0.911163
269615.657319 -379.537365 38.497312 -2.043946 0.411943 0.008908 -0.001653 0.911165
269618.142316 -379.537365 38.497312 -2.043946 0.411940 0.008895 -0.001646 0.911166
269620.632314 -379.537365 38.497312 -2.043946 0.411937 0.008888 -0.001640 0.911167
269623.117311 -379.537365 38.497312 -2.043946 0.411934 0.008880 -0.001637 0.911169
269625.607309 -379.537365 38.497312 -2.043946 0.411930 0.008869 -0.001634 0.911171
269628.092306 -379.537365 38.497312 -2.043946 0.411928 0.008863 -0.001629 0.911172
269630.582304 -379.537365 38.497312 -2.043946 0.411925 0.008858 -0.001626 0.911173
269633.067301 -379.537365 38.497312 -2.043946 0.411924 0.008851 -0.001622 0.911174
269635.557299 -379.537365 38.497312 -2.043946 0.411922 0.008847 -0.001620 0.911175
269638.042296 -379.537365 38.497312 -2.043946 0.411920 0.008839 -0.001614 0.911176
269640.532294 -379.537365 38.497312 -2.043946 0.411916 0.008833 -0.001611 0.911178
269643.017291 -379.537365 38.497312 -2.043946 0.411914 0.008829 -0.001607 0.911178
269645.507289 -379.537365 38.497312 -2.043946 0.411914 0.008825 -0.001604 0.911179
269647.997287 -379.537365 38.497312 -2.043946 0.411911 0.008820 -0.001599 0.911180
269650.482284 -379.537365 38.497312 -2.043946 0.411908 0.008818 -0.001597 0.911181
269652.972282 -379.537365 38.497312 -2.043946 0.411907 0.008815 -0.001595 0.911182
269655.457279 -379.537365 38.497312 -2.043946 0.411905 0.008806 -0.001587 0.911183
269657.947277 -379.537365 38.497312 -2.043946 0.411902 0.008802 -0.001583 0.911184
269660.432274 -379.537365 38.497312 -2.043946 0.411901 0.008800 -0.001583 0.911185
269662.922272 -379.537365 38.497312 -2.043946 0.411900 0.008799 -0.001582 0.911185
269665.407269 -379.537365 38.497312 -2.043946 0.411898 0.008793 -0.001579 0.911186
269667.897267 -379.537365 38.497312 -2.043946 0.411896 0.008790 -0.001580 0.911187
269670.382264 -379.537365 38.497312 -2.043946 0.411894 0.008785 -0.001577 0.911188
269672.872262 -379.537365 38.497312 -2.043946 0.411893 0.008781 -0.001576 0.911188
269675.357259 -379.537365 38.497312 -2.043946 0.411892 0.008782 -0.001572 0.911189
269677.847257 -379.537365 38.497312 -2.043946 0.411892 0.008776 -0.001568 0.911189
269680.332255 -379.537365 38.497312 -2.043946 0.411890 0.008776 -0.001569 0.911190
269682.822253 -379.537365 38.497312 -2.043946 0.411888 0.008774 -0.001565 0.911191
269685.307250 -379.537365 38.497312 -2.043946 0.411887 0.008777 -0.001566 0.911191
269687.797248 -379.537365 38.497312 -2.043946 0.411888 0.008770 -0.001562 0.911191
269690.282245 -379.537365 38.497312 -2.043946 0.411888 0.008767 -0.001559 0.911191
269692.772243 -379.537365 38.497312 -2.043946 0.411886 0.008765 -0.001555 0.911192
269695.257240 -379.537365 38.497312 -2.043946 0.411887 0.008765 -0.001554 0.911192
269697.747238 -379.537365 38.497312 -2.043946 0.411887 0.008767 -0.001558 0.911192
269700.232235 -379.537365 38.497312 -2.043946 0.411886 0.008764 -0.001554 0.911192
269702.722233 -379.537365 38.497312 -2.043946 0.411883 0.008760 -0.001550 0.911193
269705.207230 -379.537365 38.497312 -2.043946 0.411883 0.008758 -0.001548 0.911193
269707.697228 -379.537365 38.497312 -2.043946 0.411880 0.008755 -0.001546 0.911195
269710.182225 -379.537365 38.497312 -2.043946 0.411878 0.008754 -0.001546 0.911196
269712.672223 -379.537365 38.497312 -2.043946 0.411878 0.008754 -0.001546 0.911196
269715.157220 -379.537365 38.497312 -2.043946 0.411876 0.008754 -0.001544 0.911196
269717.647218 -379.537365 38.497312 -2.043946 0.411875 0.008752 -0.001543 0.911197
269720.132215 -379.537365 38.497312 -2.043946 0.411874 0.008751 -0.001542 0.911197
269722.622214 -379.537365 38.497312 -2.043946 0.411874 0.008750 -0.001543 0.911198
269725.107211 -379.537365 38.497312 -2.043946 0.411872 0.008748 -0.001542 0.911198
269727.597209 -379.537365 38.497312 -2.043946 0.411870 0.008744 -0.001538 0.911199
269730.082206 -379.537365 38.497312 -2.043946 0.411867 0.008742 -0.001538 0.911201
269732.572204 -379.537365 38.497312 -2.043946 0.411866 0.008741 -0.001538 0.911201
269735.057201 -379.537365 38.497312 -2.043946 0.411866 0.008737 -0.001536 0.911201
269737.547199 -379.537365 38.497312 -2.043946 0.411864 0.008736 -0.001532 0.911202
269740.032196 -379.537365 38.497312 -2.043946 0.411863 0.008735 -0.001531 0.911203
269742.522194 -379.537365 38.497312 -2.043946 0.411863 0.008731 -0.001530 0.911203
269745.007191 -379.537365 38.497312 -2.043946 0.411862 0.008730 -0.001530 0.911203
269747.497189 -379.537365 38.497312 -2.043946 0.411861 0.008726 -0.001527 0.911204
269749.987187 -379.537365 38.497312 -2.043946 0.411860 0.008725 -0.001525 0.911204
269752.472185 -379.537365 38.497312 -2.043946 0.411858 0.008721 -0.001524 0.911205
269754.962183 -379.537365 38.497312 -2.043946 0.411858 0.008720 -0.001523 0.911205
269757.447180 -379.537365 38.497312 -2.043946 0.411858 0.008720 -0.001523 0.911205
269759.937178 -379.537365 38.497312 -2.043946 0.411857 0.008719 -0.001524 0.911205
269762.422175 -379.537365 38.497312 -2.043946 0.411857 0.008718 -0.001521 0.911206
269764.912173 -379.537365 38.497312 -2.043946 0.411856 0.008716 -0.001519 0.911206
269767.397170 -379.537365 38.497312 -2.043946 0.411856 0.008716 -0.001519 0.911206
269769.887168 -379.537365 38.497312 -2.043946 0.411855 0.008714 -0.001519 0.911206
269772.372165 -379.537365 38.497312 -2.043946 0.411854 0.008713 -0.001517 0.911207
269774.862164 -379.537365 38.497312 -2.043946 0.411852 0.008712 -0.001515 0.911208
269777.347161 -379.537365 38.497312 -2.043946 0.411850 0.008709 -0.001513 0.911209
269779.837159 -379.537365 38.497312 -2.043946 0.411849 0.008712 -0.001512 0.911209
269782.322156 -379.537365 38.497312 -2.043946 0.411848 0.008715 -0.001514 0.911210
269784.812154 -379.537365 38.497312 -2.043946 0.411846 0.008714 -0.001516 0.911210
269787.297151 -379.537365 38.497312 -2.043946 0.411846 0.008714 -0.001517 0.911211
269789.787149 -379.537365 38.497312 -2.043946 0.411845 0.008711 -0.001514 0.911211
269792.272146 -379.537365 38.497312 -2.043946 0.411846 0.008711 -0.001513 0.911211
269794.762145 -379.537365 38.497312 -2.043946 0.411844 0.008710 -0.001513 0.911212
269797.247142 -379.537365 38.497312 -2.043946 0.411842 0.008707 -0.001512 0.911212
269799.737140 -379.537365 38.497312 -2.043946 0.411843 0.008704 -0.001509 0.911212
269802.222137 -379.537365 38.497312 -2.043946 0.411842 0.008703 -0.001506 0.911213
269804.712135 -379.537365 38.497312 -2.043946 0.411841 0.008700 -0.001506 0.911213
269807.197132 -379.537365 38.497312 -2.043946 0.411840 0.008696 -0.001506 0.911213
269809.687130 -379.537365 38.497312 -2.043946 0.411842 0.008697 -0.001505 0.911213
269812.172128 -379.537365 38.497312 -2.043946 0.411840 0.008698 -0.001506 0.911213
269814.662126 -379.537365 38.497312 -2.043946 0.411840 0.008696 -0.001505 0.911214
269817.147123 -379.537365 38.497312 -2.043946 0.411838 0.008697 -0.001503 0.911214
269819.637121 -379.537365 38.497312 -2.043946 0.411838 0.008697 -0.001498 0.911214
269822.122118 -379.537365 38.497312 -2.043946 0.411837 0.008695 -0.001496 0.911215
269824.612116 -379.537365 38.497312 -2.043946 0.411838 0.008692 -0.001495 0.911215
269827.097114 -379.537365 38.497312 -2.043946 0.411838 0.008690 -0.001494 0.911214
269829.587112 -379.537365 38.497312 -2.043946 0.411835 0.008689 -0.001493 0.911216
269832.072109 -379.537365 38.497312 -2.043946 0.411835 0.008688 -0.001492 0.911216
269834.562107 -379.537365 38.497312 -2.043946 0.411835 0.008685 -0.001492 0.911216
269837.047104 -379.537365 38.497312 -2.043946 0.411835 0.008685 -0.001490 0.911216
269839.537102 -379.537365 38.497312 -2.043946 0.411833 0.008682 -0.001488 0.911217
269842.022100 -379.537365 38.497312 -2.043946 0.411832 0.008680 -0.001486 0.911217
269844.512098 -379.537365 38.497312 -2.043946 0.411831 0.008678 -0.001483 0.911218
269847.000000 -379.537365 38.497312 -2.043946 0.411830 0.008680 -0.001485 0.911218
269849.487093 -379.537365 38.497312 -2.043946 0.411830 0.008677 -0.001481 0.911218
269851.977091 -379.537365 38.497312 -2.043946 0.411829 0.008676 -0.001481 0.911219
269854.462088 -379.537365 38.497312 -2.043946 0.411829 0.008676 -0.001481 0.911219
269856.952087 -379.537365 38.497312 -2.043946 0.411828 0.008677 -0.001482 0.911219
269859.437084 -379.537365 38.497312 -2.043946 0.411828 0.008677 -0.001482 0.911219
269861.927082 -379.537365 38.497312 -2.043946 0.411827 0.008677 -0.001480 0.911219
269864.412079 -379.537365 38.497312 -2.043946 0.411825 0.008678 -0.001480 0.911220
269866.902077 -379.537365 38.497312 -2.043946 0.411826 0.008679 -0.001480 0.911220
269869.387075 -379.537365 38.497312 -2.043946 0.411825 0.008678 -0.001479 0.911221
269871.877073 -379.537365 38.497312 -2.043946 0.411824 0.008677 -0.001477 0.911221
269874.362070 -379.537365 38.497312 -2.043946 0.411821 0.008675 -0.001474 0.911222
269876.852068 -379.537365 38.497312 -2.043946 0.411820 0.008674 -0.001474 0.911223
269879.337066 -379.537365 38.497312 -2.043946 0.411818 0.008673 -0.001472 0.911224
269881.827064 -379.537365 38.497312 -2.043946 0.411817 0.008674 -0.001472 0.911224
269884.312061 -379.537365 38.497312 -2.043946 0.411817 0.008679 -0.001475 0.911224
269886.802059 -379.537365 38.497312 -2.043946 0.411816 0.008682 -0.001479 0.911224
269889.287057 -379.537365 38.497312 -2.043946 0.411816 0.008691 -0.001486 0.911224
269891.777055 -379.537365 38.497312 -2.043946 0.411817 0.008701 -0.001492 0.911224
269894.262052 -379.537365 38.497312 -2.043946 0.411818 0.008712 -0.001500 0.911223
269896.752050 -379.537365 38.497312 -2.043946 0.411817 0.008716 -0.001508 0.911224
269899.237048 -379.537365 38.497312 -2.043946 0.411817 0.008720 -0.001511 0.911223
269901.727046 -379.537365 38.497312 -2.043946 0.411818 0.008728 -0.001518 0.911223
269904.212043 -379.537365 38.497312 -2.043946 0.411819 0.008734 -0.001523 0.911223
269906.702041 -379.537365 38.497312 -2.043946 0.411816 0.008737 -0.001528 0.911224
269909.187039 -379.537365 38.497312 -2.043946 0.411816 0.008741 -0.001531 0.911224
269911.677037 -379.537365 38.497312 -2.043946 0.411815 0.008746 -0.001534 0.911224
269914.162034 -379.537365 38.497312 -2.043946 0.411815 0.008747 -0.001537 0.911224
269916.652033 -379.537365 38.497312 -2.043946 0.411816 0.008752 -0.001542 0.911224
269919.137030 -379.537365 38.497312 -2.043946 0.411815 0.008759 -0.001547 0.911224
269921.627028 -379.537365 38.497312 -2.043946 0.411816 0.008765 -0.001554 0.911224
269924.112025 -379.537365 38.497312 -2.043946 0.411815 0.008769 -0.001559 0.911224
269926.602024 -379.537365 38.497312 -2.043946 0.411816 0.008771 -0.001560 0.911224
269929.087021 -379.537365 38.497312 -2.043946 0.411814 0.008775 -0.001562 0.911224
269931.577019 -379.537365 38.497312 -2.043946 0.411814 0.008780 -0.001566 0.911224
269934.062017 -379.537365 38.497312 -2.043946 0.411812 0.008783 -0.001570 0.911225
269936.552015 -379.537365 38.497312 -2.043946 0.411812 0.008787 -0.001572 0.911225
269939.037012 -379.537365 38.497312 -2.043946 0.411811 0.008792 -0.001574 0.911226
269941.527011 -379.537365 38.497312 -2.043946 0.411808 0.008795 -0.001576 0.911227
269944.012008 -379.537365 38.497312 -2.043946 0.411807 0.008798 -0.001580 0.911227
269946.502006 -379.537365 38.497312 -2.043946 0.411807 0.008798 -0.001576 0.911227
269948.992005 -379.537365 38.497312 -2.043946 0.411806 0.008791 -0.001573 0.911228
269951.477002 -379.537365 38.497312 -2.043946 0.411803 0.008786 -0.001568 0.911229
269953.967000 -379.537365 38.497312 -2.043946 0.411803 0.008787 -0.001566 0.911229
269956.451998 -379.537365 38.497312 -2.043946 0.411802 0.008789 -0.001565 0.911230
269958.941996 -379.537365 38.497312 -2.043946 0.411801 0.008790 -0.001567 0.911230
269961.426993 -379.537365 38.497312 -2.043946 0.411801 0.008795 -0.001569 0.911230
269963.916992 -379.537365 38.497312 -2.043946 0.411798 0.008800 -0.001571 0.911231
269966.401989 -379.537365 38.497312 -2.043946 0.411798 0.008805 -0.001577 0.911231
269968.891987 -379.537365 38.497312 -2.043946 0.411798 0.008806 -0.001580 0.911231
269971.376985 -379.537365 38.497312 -2.043946 0.411797 0.008808 -0.001581 0.911232
269973.866983 -379.537365 38.497312 -2.043946 0.411792 0.008798 -0.001575 0.911234
269976.351981 -379.537365 38.497312 -2.043946 0.411791 0.008793 -0.001569 0.911235
269978.841979 -379.537365 38.497312 -2.043946 0.411791 0.008785 -0.001567 0.911235
269981.326976 -379.537365 38.497312 -2.043946 0.411790 0.008779 -0.001563 0.911235
269983.816975 -379.537365 38.497312 -2.043946 0.411788 0.008773 -0.001558 0.911236
269986.301972 -379.537365 38.497312 -2.043946 0.411787 0.008769 -0.001554 0.911236
269988.791971 -379.537365 38.497312 -2.043946 0.411788 0.008766 -0.001550 0.911236
269991.276968 -379.537365 38.497312 -2.043946 0.411786 0.008768 -0.001551 0.911237
269993.766966 -379.537365 38.497312 -2.043946 0.411787 0.008770 -0.001557 0.911237
269996.251964 -379.537365 38.497312 -2.043946 0.411786 0.008769 -0.001559 0.911237
269998.741962 -379.537365 38.497312 -2.043946 0.411785 0.008766 -0.001559 0.911237
270001.226960 -379.537365 38.497312 -2.043946 0.411782 0.008763 -0.001559 0.911239
270003.716958 -379.537365 38.497312 -2.043946 0.411783 0.008760 -0.001557 0.911239
270006.201956 -379.537365 38.497312 -2.043946 0.411782 0.008760 -0.001559 0.911239
270008.691954 -379.537365 38.497312 -2.043946 0.411781 0.008761 -0.001556 0.911239
270011.176952 -379.537365 38.497312 -2.043946 0.411779 0.008759 -0.001555 0.911240
270013.666950 -379.537365 38.497312 -2.043946 0.411780 0.008757 -0.001555 0.911240
