289633.299 20.423 17.225 -0.853 0.955 -0.034 -0.013 -0.295
289638.299 25.203 22.959 -0.899 0.905 -0.027 -0.012 -0.424
289643.299 31.256 26.377 -0.866 0.908 -0.030 -0.011 -0.418
289648.299 33.363 32.146 -0.827 0.973 -0.026 -0.024 0.227
289653.300 28.612 37.885 -0.969 0.870 -0.034 -0.026 0.491
289658.299 22.615 42.710 -1.132 0.872 -0.021 -0.026 0.489
289663.300 16.606 47.326 -1.366 0.857 -0.014 -0.026 0.515
289668.299 10.265 51.253 -1.615 0.848 -0.011 -0.010 0.530
289673.299 3.719 55.361 -1.836 0.869 -0.009 -0.009 0.494
289678.300 -2.092 60.143 -2.025 0.905 -0.011 -0.024 0.424
289683.299 -7.579 65.297 -2.244 0.942 -0.015 -0.013 0.334
289688.300 -10.827 71.930 -2.458 0.994 -0.033 -0.014 0.105
289693.300 -10.576 79.709 -2.695 1.000 -0.020 -0.020 0.015
289698.299 -10.067 87.374 -2.866 0.999 -0.023 -0.012 0.039
289703.300 -10.753 94.983 -3.279 0.992 -0.034 -0.011 0.122
289708.299 -12.572 102.449 -3.486 0.982 -0.016 -0.019 0.190
289713.299 -14.229 109.195 -3.598 0.929 -0.009 -0.019 0.370
289718.299 -19.691 112.503 -3.646 0.859 -0.019 -0.026 0.511
289723.300 -24.606 116.086 -3.695 0.807 -0.018 -0.042 0.588
289728.299 -29.113 119.094 -3.895 0.841 -0.000 -0.013 0.542
289733.299 -32.692 120.805 -4.081 0.882 -0.021 -0.030 0.470
289738.299 -36.085 126.450 -4.169 0.914 -0.024 -0.035 0.403
289743.299 -42.009 130.475 -4.183 0.820 -0.038 -0.024 0.570
289748.299 -48.467 134.062 -4.305 0.833 -0.025 -0.027 0.553
289753.299 -54.558 138.097 -4.473 0.850 -0.021 -0.020 0.526
289758.300 -60.363 141.892 -4.672 0.848 -0.020 -0.022 0.530
289763.300 -67.544 146.017 -4.888 0.866 0.007 -0.014 0.500
289768.299 -74.252 149.414 -5.141 0.809 0.023 -0.029 0.586
289773.299 -79.229 149.775 -5.291 0.769 0.012 -0.023 0.639
289778.299 -85.192 152.877 -5.528 0.853 0.009 -0.016 0.522
289783.300 -90.889 156.009 -5.843 0.790 -0.010 -0.035 0.611
289788.300 -97.765 159.076 -6.298 0.751 -0.023 -0.047 0.658
289793.299 -99.946 159.647 -6.272 0.730 0.005 -0.035 0.682
289798.299 -100.421 159.512 -6.297 0.842 -0.016 -0.064 0.535
289803.299 -100.708 159.950 -6.294 0.867 -0.020 -0.051 0.496
289808.300 -100.571 159.634 -6.282 0.847 -0.003 -0.022 0.531
289813.300 -100.576 159.550 -6.296 0.863 0.017 -0.036 0.503
289818.300 -106.764 161.890 -6.407 0.597 -0.004 -0.036 0.801
289823.299 -111.972 157.134 -6.453 0.209 0.011 -0.019 0.978
289828.299 -115.808 150.477 -6.482 0.254 0.017 -0.005 0.967
289833.299 -120.226 143.520 -6.487 0.248 0.003 -0.027 0.968
289838.300 -124.997 137.229 -6.558 0.396 0.001 -0.023 0.918
289843.299 -130.399 133.233 -6.522 0.229 0.010 -0.015 0.973
289848.299 -134.104 127.940 -6.538 0.274 0.014 -0.024 0.961
289853.299 -136.655 124.233 -6.545 0.334 -0.018 -0.040 0.941
289858.299 -137.435 122.821 -6.573 0.189 0.007 -0.077 0.979
289863.300 -141.116 116.483 -6.637 0.124 0.002 -0.055 0.991
289868.300 -143.735 111.065 -6.658 0.294 0.020 -0.028 0.955
289873.300 -143.751 111.016 -6.670 0.352 -0.007 -0.032 0.936
289878.300 -143.734 111.011 -6.655 0.294 0.017 -0.044 0.955
289883.300 -143.750 111.001 -6.667 0.358 -0.004 -0.052 0.932
289888.299 -144.627 111.246 -6.658 0.919 -0.033 -0.027 0.391
289893.300 -143.694 111.816 -6.649 0.974 -0.011 -0.015 -0.225
289898.299 -143.626 111.788 -6.656 0.986 -0.025 -0.007 -0.168
289903.300 -143.296 114.159 -6.617 0.973 -0.020 -0.035 0.229
289908.299 -144.530 118.704 -6.546 0.991 -0.062 -0.020 0.118
289913.299 -144.241 124.190 -6.085 0.997 -0.074 -0.010 -0.002
289918.299 -141.815 128.409 -6.103 0.954 -0.033 0.034 -0.296
289923.300 -139.911 131.283 -6.930 0.964 -0.056 0.004 -0.262
289928.299 -138.356 133.694 -8.617 0.959 -0.035 -0.005 -0.281
289933.300 -136.754 136.144 -10.283 0.969 -0.042 -0.007 -0.243
289938.300 -135.166 138.598 -11.959 0.971 -0.041 -0.009 -0.233
289943.300 -133.615 140.977 -13.583 0.974 -0.034 -0.015 -0.223
289948.300 -132.046 143.417 -15.239 0.973 -0.040 -0.015 -0.226
289953.299 -130.488 145.852 -16.917 0.972 -0.022 -0.021 -0.235
289958.299 -128.337 149.072 -17.790 0.978 -0.035 -0.033 -0.202
289963.299 -123.390 154.757 -17.718 0.947 -0.056 0.011 -0.315
289968.299 -117.321 160.009 -17.608 0.960 -0.072 0.011 -0.271
289973.299 -110.721 165.608 -17.602 0.960 -0.046 0.031 -0.273
289978.299 -105.097 171.978 -17.679 0.934 -0.039 0.048 -0.351
289983.299 -98.508 176.902 -17.649 0.956 -0.073 0.041 -0.282
289988.299 -93.317 182.968 -17.701 0.995 -0.065 0.017 -0.077
289993.300 -95.916 188.540 -17.718 0.813 -0.049 -0.032 0.580
289998.299 -102.352 193.593 -17.646 0.904 -0.087 -0.010 0.419
290003.299 -107.820 199.685 -17.616 0.881 -0.102 0.002 0.463
290008.299 -113.504 205.435 -17.638 0.873 -0.106 -0.006 0.477
290013.300 -119.272 211.246 -17.721 0.888 -0.074 0.003 0.454
290018.299 -125.138 217.012 -17.764 0.880 -0.081 -0.005 0.468
290023.300 -131.014 222.873 -17.845 0.892 -0.084 0.020 0.443
290028.299 -137.014 228.665 -17.868 0.875 -0.071 0.003 0.479
290033.299 -142.785 234.430 -17.916 0.881 -0.066 0.023 0.468
290038.299 -148.546 240.137 -17.999 0.872 -0.067 0.028 0.484
290043.300 -152.991 244.584 -18.047 0.985 -0.072 0.067 0.143
290048.299 -149.011 250.557 -18.391 0.918 -0.048 0.035 -0.392
290053.300 -146.035 254.972 -18.705 0.986 -0.064 0.015 0.154
290058.299 -150.770 257.620 -18.682 0.403 -0.010 -0.003 0.915
290063.299 -155.725 253.878 -18.316 0.373 -0.019 -0.009 0.928
290068.300 -158.750 252.900 -18.132 0.776 -0.074 0.012 0.627
290073.300 -163.674 257.260 -18.204 0.872 -0.041 0.007 0.488
290078.300 -169.046 262.473 -18.352 0.858 -0.072 -0.001 0.508
290083.300 -174.437 268.046 -18.516 0.867 -0.060 0.000 0.494
290088.299 -180.119 273.658 -18.819 0.860 -0.081 0.018 0.504
290093.299 -185.783 279.342 -18.913 0.848 -0.059 0.002 0.527
290098.299 -191.564 284.944 -18.937 0.856 -0.067 0.005 0.513
290103.299 -197.372 290.785 -19.141 0.842 -0.090 0.003 0.531
290108.299 -203.389 296.521 -19.331 0.815 -0.072 -0.006 0.575
290113.299 -209.667 301.173 -19.484 0.625 -0.063 -0.056 0.776
290118.299 -216.667 298.748 -19.372 0.507 -0.055 -0.021 0.860
290123.299 -225.010 297.614 -19.264 0.522 -0.066 -0.007 0.850
290128.300 -233.086 296.369 -19.131 0.519 -0.041 -0.042 0.853
290133.299 -241.228 294.945 -19.125 0.566 -0.029 -0.011 0.824
290138.299 -248.253 297.622 -19.245 0.854 -0.073 0.029 0.514
290143.299 -253.508 302.759 -19.069 0.851 -0.082 0.005 0.519
290148.299 -256.431 305.942 -17.195 0.829 -0.104 -0.022 0.549
290153.300 -259.267 309.046 -15.870 0.852 -0.133 0.017 0.507
290158.300 -262.251 312.051 -14.450 0.831 -0.099 -0.013 0.547
290163.299 -265.000 314.844 -12.971 0.811 -0.113 0.005 0.574
290168.300 -267.811 317.578 -11.289 0.797 -0.097 0.006 0.597
290173.299 -271.505 321.050 -10.705 0.806 -0.082 -0.002 0.586
290178.299 -275.429 324.561 -11.494 0.835 -0.085 -0.007 0.544
290183.300 -281.080 329.839 -11.573 0.815 -0.062 -0.001 0.576
290188.300 -286.709 335.551 -11.662 0.845 -0.064 -0.011 0.530
290193.300 -291.433 340.195 -11.762 0.879 -0.067 0.022 0.472
290198.300 -296.661 345.545 -11.972 0.840 -0.062 0.002 0.540
290203.300 -299.669 348.633 -12.184 0.750 -0.015 -0.027 0.661
290208.300 -299.939 348.522 -12.157 0.432 -0.006 -0.030 0.901
290213.299 -301.422 347.646 -12.110 0.375 -0.028 -0.066 0.924
290218.300 -310.378 342.457 -11.786 0.240 -0.025 -0.039 0.970
290223.300 -314.595 338.150 -11.473 0.762 -0.149 0.047 -0.628
290228.300 -310.614 339.896 -11.699 0.955 -0.105 0.027 -0.276
290233.299 -306.158 343.064 -11.790 0.963 -0.124 0.007 -0.238
290238.300 -302.593 345.864 -12.007 0.988 -0.090 -0.007 -0.123
290243.300 -302.048 347.399 -12.091 0.851 -0.090 -0.027 0.517
290248.300 -307.404 350.221 -12.005 0.779 -0.055 -0.016 0.624
290253.299 -313.900 354.855 -11.810 0.814 -0.045 0.008 0.579
290258.300 -319.655 360.147 -11.828 0.795 -0.061 -0.012 0.603
290263.300 -324.836 364.879 -11.873 0.839 -0.069 0.014 0.540
290268.300 -329.197 370.042 -12.330 0.848 -0.069 -0.042 0.523
290273.300 -331.642 374.479 -12.691 0.909 -0.065 -0.021 0.411
290278.299 -333.965 379.021 -12.746 0.920 -0.114 0.034 0.373
290283.299 -340.242 386.421 -12.733 0.772 -0.095 0.010 0.628
290288.299 -347.560 393.059 -12.539 0.803 -0.073 0.007 0.592
290293.300 -352.714 398.474 -12.485 0.841 -0.050 -0.021 0.538
290298.300 -358.254 398.590 -12.246 -0.131 0.069 -0.073 0.986
290303.300 -354.316 392.767 -12.059 0.856 -0.113 -0.011 -0.504
290308.299 -351.896 395.481 -12.361 0.967 -0.085 0.013 0.239
290313.299 -356.543 400.902 -12.382 0.562 -0.020 -0.067 0.824
290318.299 -358.106 395.939 -12.039 -0.617 0.094 -0.042 0.780
290323.300 -352.484 393.591 -12.220 0.968 -0.092 0.000 -0.235
